7827 2306 
2307 5888 
7779 2308 
5943 5942 
7873 5888 
2312 5836 
5785 2318 
5993 7778 
2315 5943 
2316 5889 
2317 5837 
7961 5786 
5733 2319 
2328 5684 
7777 2313 
7825 5994 
2322 2323 
7918 2324 
2325 5838 
5787 2326 
5734 2327 
2328 5685 
5636 2340 
8153 2341 
2320 6098 
2321 6046 
5995 2322 
7871 5945 
5891 2335 
2336 5839 
2337 2350 
8082 5685 
5637 2352 
5591 8118 
5546 2355 
8221 2356 
2330 6149 
2331 6099 
2332 6047 
7870 2346 
2347 5946 
7959 7999 
5789 2350 
5736 2351 
5686 2368 
2369 5638 
2370 5592 
8220 2371 
8252 2372 
8285 5426 
2342 7731 
7775 2343 
7823 2360 
2361 5997 
2362 7916 
7958 5893 
5840 2365 
8038 5790 
5737 2384 
2386 8117 
2387 5639 
2388 5548 
2389 5506 
5467 2409 
2410 2391 
2411 8349 
5354 2412 
6252 2357 
6200 2358 
6152 7822 
6101 2378 
2379 5998 
2380 2399 
2381 2400 
2401 8037 
5791 2402 
5738 2403 
8150 5689 
5640 2406 
2428 5594 
2429 5508 
5468 8283 
2432 5429 
2433 5391 
8380 5355 
5288 8417 
2461 8504 
2462 5226 
7688 2393 
7729 2394 
2395 6201 
6153 2396 
2418 2397 
5999 2419 
7956 2421 
2422 5950 
5843 2423 
2424 5792 
5740 8149 
2451 5690 
2452 5595 
2453 5551 
5509 2454 
5469 2456 
8347 2457 
5392 2484 
8416 5322 
8458 5289 
2488 5258 
2489 8546 
2490 5199 
2491 2520 
6303 2414 
2415 6254 
6202 2416 
6154 2417 
6103 7913 
2444 6051 
2445 7996 
5951 2446 
5844 2447 
5793 2449 
8148 8114 
5691 2477 
5642 8217 
2480 8249 
2481 5510 
2482 5470 
5431 2483 
5393 8378 
2515 8415 
2516 8457 
2517 5259 
8588 5228 
5200 2551 
5173 2552 
2553 5123 
2554 5101 
5080 2555 
2437 7686 
6304 2439 
2440 7772 
6203 7819 
6155 7866 
7912 6105 
2471 6001 
2472 7995 
2473 5952 
5845 2474 
8113 5794 
2506 5742 
2507 5692 
2508 5643 
2509 8248 
5511 2542 
8345 5471 
5432 2544 
8414 5394 
2547 8456 
2548 5291 
8544 2549 
2550 2585 
5201 8676 
2588 5174 
5124 2589 
8814 2590 
8894 5081 
5061 8968 
9003 2629 
2463 203 
2464 204 
6359 2465 
7771 6257 
2497 6205 
2498 7911 
2499 6106 
7994 6054 
211 2532 
8076 5953 
2534 5900 
5796 8146 
5744 8180 
8215 5693 
8247 5645 
8280 5599 
8310 5554 
2579 220 
5433 2580 
5395 2581 
5360 223 
5325 224 
8586 2620 
2621 8630 
2622 5202 
2623 5175 
5150 229 
5103 230 
8893 2665 
5062 2666 
2667 5044 
2668 5028 
2669 235 
2492 6464 
2493 6410 
6306 2494 
7818 173 
6205 2497 
7911 175 
6106 176 
6054 2531 
2532 8033 
2573 5694 
2537 5743 
8178 8213 
8179 5744 
183 8214 
5645 2575 
5599 8279 
5555 186 
5513 2614 
8376 5434 
5396 2616 
5360 8500 
5326 2619 
2620 192 
5231 2621 
5203 2660 
5176 2661 
2662 196 
8855 197 
5083 8931 
2666 5063 
9035 5045 
5029 2712 
9122 2713 
4988 2714 
6519 2522 
6465 7684 
2524 6411 
2525 6361 
7817 2562 
2563 6259 
2564 7910 
2565 7952 
6055 2566 
8175 5745 
8210 5694 
5646 2610 
2611 8274 
8212 251 
8243 250 
8245 8246 
5647 8246 
2612 5600 
5556 8343 
2652 5514 
5435 8412 
8454 5397 
2656 2699 
5327 8542 
5295 2701 
5263 2703 
8721 2704 
5177 2705 
5152 2750 
2751 8930 
5084 8966 
5064 2754 
5046 2755 
5030 9094 
5015 9145 
4989 2804 
4979 9206 
4969 2806 
2808 4961 
2557 7647 
2558 7683 
6412 2559 
7769 2560 
6308 2598 
2599 7863 
2600 7909 
6159 2601 
6109 2602 
2608 5798 
5747 8209 
8241 5696 
8274 5648 
8276 8243 
8278 8277 
8308 8278 
8342 2651 
5515 2695 
8411 2697 
2698 8453 
2743 2699 
8541 2744 
2745 5295 
5264 8673 
2748 5234 
5205 2749 
8811 8853 
8891 5128 
5106 2798 
9000 2799 
5065 2801 
2802 5031 
9144 2803 
5002 2853 
2854 9205 
2855 9221 
4962 2856 
9258 4956 
4947 4951 
7646 6577 
6521 2594 
2595 6467 
2596 6413 
7816 2597 
7862 2636 
6261 2637 
2639 6209 
2640 7991 
5851 2688 
5799 2689 
2690 5748 
2691 5649 
5602 2692 
5557 8337 
8338 8305 
8339 8306 
8341 8307 
2739 5559 
2740 5516 
5476 5477 
8498 5399 
5363 8540 
5329 2791 
2792 8627 
2793 5265 
8766 2794 
2844 8810 
2845 5154 
2846 5129 
5107 8999 
9065 2849 
9093 5048 
5032 9143 
5017 9167 
9186 2904 
2905 4981 
2906 9235 
4963 2907 
4957 2908 
4948 9269 
9271 4946 
2630 6630 
2631 6578 
2632 6522 
6468 2633 
6414 2676 
2677 6363 
2678 2637 
2679 6262 
7950 7990 
2686 5905 
2688 8173 
2733 8208 
8240 2735 
2736 8273 
8303 2737 
8304 330 
8305 331 
8307 2784 
2784 8341 
5560 8373 
5517 8410 
2788 8452 
2789 5400 
2839 5364 
5330 2840 
2841 5298 
5266 2842 
5207 2843 
8852 5180 
8928 2896 
8964 2897 
5087 5108 
2900 5067 
9119 2901 
2902 5033 
5018 2903 
9204 4992 
4982 9234 
9246 4972 
4964 9257 
9263 2962 
2963 4949 
2670 6682 
2671 6631 
6579 2718 
6523 7722 
2720 6469 
2721 7814 
2722 6365 
7907 2723 
6263 7949 
8105 2776 
5907 2777 
5853 8172 
5801 2780 
2781 5750 
2782 5699 
457 372 
458 457 
459 417 
8340 5653 
2833 5604 
8372 5561 
5518 2886 
2887 8496 
2888 8539 
2889 8582 
5331 2891 
5299 2892 
5267 2893 
2894 5237 
5181 5208 
5156 8927 
2950 5131 
9031 5109 
9091 2953 
2954 5050 
2955 5034 
5019 3009 
3010 5005 
3011 4983 
9245 4973 
4965 3014 
4959 9267 
4950 4954 
7609 2715 
7644 6683 
7680 2764 
2765 6524 
2766 7766 
2767 6416 
7860 2768 
6312 7906 
6264 2819 
2776 2826 
2827 5908 
2828 8206 
5802 2829 
8271 5751 
5700 2832 
414 415 
415 501 
416 460 
2883 5653 
2884 5605 
8408 2885 
5519 8450 
5479 5480 
8538 5440 
5402 2942 
8670 8625 
2945 8718 
5268 2946 
8808 2947 
8888 2948 
3002 2949 
5132 3003 
5110 3004 
3006 9091 
5069 9141 
3008 5035 
5020 3062 
5006 9218 
3064 4994 
9255 4974 
4966 3067 
4960 3068 
2809 6736 
7643 2810 
6685 6633 
7720 6581 
2865 7764 
7812 2866 
2867 6418 
2868 7905 
2874 6062 
6314 2869 
8103 2876 
2877 5961 
8205 5910 
5855 8237 
5804 2933 
6064 3035 
542 457 
458 502 
2987 5806 
2988 2935 
2989 5703 
2990 8370 
2991 8449 
5521 2992 
5481 8537 
5442 8580 
5404 3049 
3050 8716 
3051 5301 
3052 8807 
3053 5239 
5211 8961 
8996 5184 
5134 9029 
3112 9089 
3113 5091 
5071 3114 
9201 3116 
3117 5021 
5008 3118 
9243 3119 
4976 3174 
3175 4968 
2859 6838 
2860 6789 
2861 7642 
6686 2862 
7719 6635 
6583 7764 
6527 7811 
6473 2921 
7904 2922 
2923 6315 
2924 2977 
6012 2930 
8204 2931 
2985 5911 
2986 5805 
500 501 
3039 544 
5806 3039 
3041 3040 
5704 3042 
8406 3043 
3044 5608 
3045 5565 
8536 3046 
5443 8579 
5405 8668 
3104 5369 
3105 5335 
3106 8806 
8886 5240 
5212 8960 
5185 8995 
5160 5135 
3166 5112 
5092 3167 
3168 5072 
3169 5054 
5038 3170 
3171 9231 
4997 9253 
4987 3227 
2912 2965 
6790 2913 
7641 6739 
2969 7677 
2970 6636 
2971 6584 
2972 6528 
6474 7857 
6420 7903 
3029 7945 
3030 6317 
6268 3031 
8203 3037 
3032 6216 
8235 3038 
625 3091 
626 542 
628 5965 
629 5965 
3093 5859 
8335 5808 
5756 3096 
8405 3097 
8447 3098 
5566 3153 
8535 3154 
3155 5484 
3156 8667 
3157 8715 
5371 3158 
8805 5304 
5272 8885 
3215 5242 
3216 8994 
3217 5161 
3218 5137 
5114 9138 
3221 648 
3222 5073 
9215 5039 
5024 3277 
3278 9252 
3279 653 
2965 7574 
2966 7605 
6791 2967 
6740 7677 
6688 7718 
7762 3024 
3025 7810 
3026 6529 
3027 6475 
7945 3028 
6317 7985 
8025 3084 
6216 3085 
5964 8235 
3091 583 
584 3091 
6066 3088 
3090 6016 
5965 586 
5914 3093 
5808 3148 
3149 5756 
5706 3150 
5658 3151 
8492 5610 
5567 3154 
3155 5524 
5445 3156 
8714 5407 
5371 3211 
5337 3212 
3214 3213 
5242 8959 
5214 3216 
5187 3217 
9087 5137 
3272 5114 
5094 3273 
9180 9199 
5056 3276 
5040 3277 
3278 9241 
4999 3279 
6934 7544 
7573 3071 
7604 3072 
3073 6792 
6741 3074 
7717 3075 
7761 6638 
3078 6586 
7855 3079 
6476 3135 
7944 3136 
3137 6372 
6319 3138 
6270 3140 
6218 3141 
3142 6170 
3143 3196 
6017 3197 
3198 5966 
5915 3200 
3201 5862 
3202 5810 
5758 3203 
3204 8446 
5612 3258 
5568 3259 
5526 3260 
5486 3262 
8713 3263 
3264 8759 
3265 5338 
5306 3266 
5274 8958 
3321 9058 
3323 5188 
9086 3324 
3325 5139 
5116 3326 
9198 9179 
5057 3382 
5041 3383 
5026 3384 
3070 6935 
3071 655 
3072 7604 
6793 3073 
7675 3129 
3130 659 
7808 6639 
3133 6587 
3134 6531 
3135 6477 
6423 3136 
8023 3137 
6319 8066 
6271 3193 
3194 6219 
3195 6170 
3196 6068 
3197 6017 
5967 3199 
5916 3200 
5862 3254 
3255 5811 
3256 5759 
3257 5660 
3258 5612 
8576 5569 
5526 8620 
5486 3315 
3316 5447 
3317 5409 
3318 5339 
8921 3319 
5275 3320 
9025 5245 
5216 5189 
5163 9112 
9136 5139 
3380 5117 
3381 9197 
3382 9213 
9239 3383 
9250 3384 
3124 7543 
6936 3125 
7603 3126 
6843 7638 
6794 7674 
6743 3183 
3184 7760 
3185 6640 
6588 7854 
6532 7900 
6478 3189 
6424 3190 
6374 3244 
3245 6321 
3246 8102 
3247 6220 
3248 6172 
3250 6069 
6019 3304 
3305 5968 
5917 3306 
3307 5863 
3308 5812 
5709 5760 
3311 5661 
5613 5614 
5570 3367 
3368 5527 
3369 5448 
3370 5410 
3371 8802 
8882 5340 
5308 3374 
5276 3375 
5217 3376 
5190 3426 
9135 3427 
3428 5141 
3429 5097 
9212 3430 
5059 3431 
9249 3432 
3176 7016 
3177 7542 
6937 3178 
7602 7637 
3233 6892 
6795 3234 
6744 3236 
3237 7759 
3238 6641 
3239 7853 
3240 6533 
7982 6479 
3296 6425 
3297 8064 
3298 6322 
6273 3299 
6221 3300 
6173 6172 
6122 3303 
6020 6071 
3359 5969 
3360 5918 
3361 5864 
3362 5813 
5761 3363 
3364 5662 
5663 5614 
5571 3415 
5528 3417 
3418 5489 
3419 5449 
3420 5412 
3421 5341 
5309 3422 
5277 9056 
3474 5247 
3475 9111 
3476 9158 
3477 9177 
5119 3478 
9226 9211 
5078 9238 
3228 7053 
7541 7018 
6979 3231 
7601 3285 
3286 6893 
6845 3287 
3288 6797 
6745 7758 
6694 3291 
6642 3292 
6590 3293 
7981 7941 
3349 6480 
3350 6427 
6376 3351 
8133 3352 
6123 8234 
8268 6072 
3407 6021 
3408 5970 
3409 5919 
5814 3411 
3412 5762 
3413 5711 
5664 3463 
5616 3464 
5572 3465 
3467 5530 
5450 3468 
3469 5412 
5377 8919 
5342 8955 
9055 9023 
3523 5248 
3524 9110 
9157 3525 
5167 3526 
9195 5120 
9225 5099 
9237 5079 
7087 3280 
3281 7054 
3282 7018 
6980 3283 
6939 3338 
3339 6894 
7672 6846 
3342 6797 
3343 6746 
3344 6694 
6643 3345 
6591 3346 
7980 7940 
6481 8020 
3403 6428 
3404 6377 
3405 8132 
6022 3407 
3457 5971 
5920 3458 
5866 5867 
5815 3461 
5763 3462 
3512 3463 
3513 5665 
5573 3515 
3516 5530 
3517 5491 
3518 5413 
3519 8918 
5343 3520 
9022 5311 
5279 9082 
9109 5249 
9156 9133 
5168 3576 
9194 5144 
5121 9210 
7088 3334 
7055 3335 
7568 3389 
6981 3390 
6940 3391 
7671 6895 
3394 6847 
3395 7756 
6747 3396 
3397 3445 
6644 3447 
3448 7939 
3449 6537 
3450 6482 
6429 3451 
6378 8098 
6023 951 
3508 5921 
5868 3509 
5816 954 
5764 5765 
5666 5714 
5618 3564 
5574 3565 
5532 3566 
5492 3567 
3569 3568 
3570 5379 
3571 5344 
5312 3572 
3573 5280 
9132 3622 
3623 5222 
5169 9193 
9209 5145 
7121 3386 
3387 7089 
3388 7539 
3389 7020 
7599 6982 
6941 3440 
3441 6896 
3442 6848 
6799 3443 
6748 3444 
7850 3446 
6645 3447 
7979 6593 
6537 3498 
6483 8061 
3501 6429 
916 6024 
5922 917 
5868 5869 
5817 3561 
3562 5765 
3563 921 
3564 5619 
5575 3565 
5532 3566 
5493 5453 
5415 3569 
3618 8987 
9053 3619 
3620 5313 
3621 5281 
9155 3622 
9174 3623 
5170 9193 
9223 3672 
7153 3482 
7122 3483 
3484 7090 
3485 7538 
3487 3486 
7633 3488 
3489 6983 
3490 6943 
6897 3491 
6849 7802 
6801 7849 
7895 6750 
6698 3546 
7978 3547 
6595 3548 
8060 6539 
6485 3551 
8442 5923 
5818 8531 
5766 3610 
5716 3657 
5668 3658 
3659 5620 
3660 5577 
5494 3661 
3663 5455 
5417 3664 
9052 5381 
9080 5347 
5282 9107 
5252 9154 
9173 5224 
5197 3720 
7154 3482 
7513 3483 
7537 7123 
7565 7091 
7058 7597 
7023 7632 
6984 3539 
7710 3540 
7754 6898 
6850 7802 
6802 3544 
3545 6750 
6699 3546 
7977 3547 
3598 8017 
6540 3599 
3600 6486 
3602 3601 
3656 1022 
3656 1021 
5717 3657 
5669 3658 
5621 3708 
5577 3709 
5535 3710 
8952 5455 
3713 5418 
5382 3714 
3715 9079 
3716 5315 
5253 9153 
9191 9172 
3770 5197 
7187 3532 
7512 7155 
3534 7124 
3535 7564 
3586 3536 
7631 3587 
3588 7024 
7709 3590 
3591 7753 
3592 7801 
3593 6852 
3594 7894 
7936 3643 
6700 3644 
3645 8016 
3646 6597 
3647 6541 
6487 3649 
3650 1089 
6380 1090 
3705 3655 
1091 3706 
1092 3757 
1093 3758 
5670 8755 
3759 1095 
5536 3761 
8951 3762 
3763 5457 
5419 3764 
3765 9078 
5316 5349 
9152 5285 
5254 9190 
7474 7221 
7188 7491 
7156 3583 
3584 7125 
3585 7093 
3586 7596 
7631 3587 
7667 3589 
3637 6945 
3638 7753 
6900 3639 
7847 3641 
3642 6752 
3643 7936 
6701 3644 
3645 8058 
1051 6598 
6542 6487 
6433 6488 
3697 1054 
3698 1055 
3756 1057 
3757 1058 
1059 3758 
5671 3759 
3760 8797 
8879 3761 
5497 8951 
5457 9050 
3815 5420 
9078 3816 
9128 3817 
5285 3818 
5255 9171 
7473 7457 
3628 7222 
3629 7189 
7157 3630 
7126 3632 
7094 3633 
7630 7061 
1146 7026 
6987 1147 
7752 6946 
1149 3686 
3687 7846 
3688 7892 
3689 6753 
3690 7975 
6702 3691 
8057 3693 
8096 3694 
3695 1157 
6434 3745 
3746 6381 
3747 6329 
3748 1161 
3749 1162 
3807 1165 
3808 1166 
8796 5672 
3811 5580 
3812 5538 
5498 3813 
9049 3865 
9077 5421 
1176 5385 
5318 9151 
9170 3870 
3627 1104 
3628 7223 
7190 7510 
7158 1107 
7562 7127 
3680 7095 
3681 1110 
3682 7666 
7707 3683 
3684 7751 
7799 3686 
6902 3687 
7892 6854 
7934 3689 
3739 1118 
3740 8014 
3741 8057 
3742 8096 
3744 1122 
3745 1123 
3746 1124 
6330 1125 
1126 3799 
3800 1127 
3801 1204 
3806 5873 
3807 1128 
3808 1129 
3809 3860 
1167 3809 
5720 8754 
8796 8838 
8878 8914 
3863 5538 
3864 8983 
3865 5459 
5421 3866 
9127 5386 
3920 1137 
9170 3870 
3673 7456 
3674 7255 
3675 7224 
7191 3725 
7159 3726 
3727 7128 
3728 7594 
3730 3729 
3731 7665 
3732 7028 
3733 6989 
3734 3785 
6903 7845 
6855 3787 
7933 7974 
3790 3789 
3791 3790 
3792 8095 
3793 8128 
3794 8164 
8200 3796 
3797 6436 
6331 6383 
6278 3850 
6228 3851 
3852 3853 
3854 3853 
3857 5926 
3860 3910 
5772 8753 
3911 5721 
3912 5674 
3913 5626 
3914 5582 
9048 3916 
5460 3917 
5422 3918 
9126 5387 
5352 3920 
3721 7283 
7471 7455 
3723 7256 
7225 3724 
7192 3725 
7160 3777 
7129 3778 
7628 7097 
3781 7064 
3782 7706 
3783 7750 
3784 6949 
7844 3785 
6904 7890 
6856 3788 
3840 3789 
3841 3790 
3842 3791 
3843 3844 
3845 3844 
8163 3846 
3847 6492 
3848 8232 
6332 3849 
6279 3901 
6229 3902 
3903 6178 
3904 6129 
3905 3906 
1207 3910 
5773 8752 
3961 8794 
3962 5675 
3963 8948 
3964 5540 
3965 9047 
9075 5461 
5423 3968 
5388 9149 
3771 7454 
7470 7284 
7257 3773 
7226 7508 
7193 7532 
7560 7161 
7592 3829 
7627 3830 
3832 7098 
3833 7065 
3834 7749 
3835 6991 
7843 3836 
6905 3888 
3889 3839 
3890 3840 
3891 3841 
3892 3893 
3894 3893 
3895 1317 
3896 1318 
3897 8231 
8264 3949 
6385 3950 
3951 8327 
3952 6230 
3953 3954 
6130 3955 
3956 3955 
3957 1327 
3958 1328 
1247 3959 
8705 5823 
5774 4012 
8836 5723 
8912 5676 
4015 8947 
4016 5584 
4017 5542 
5462 9101 
5424 9125 
7311 3822 
3823 7285 
3824 7487 
7507 3825 
3827 7531 
7559 3828 
7162 3829 
7131 3830 
7099 7663 
3883 7704 
3884 7748 
3885 7796 
6951 3886 
7889 3888 
6906 3889 
3890 3940 
3941 3891 
3943 3942 
3944 1275 
3945 1276 
3946 1277 
3947 3948 
3949 3948 
3950 3949 
8326 6334 
6281 3952 
6231 4003 
4004 6180 
6131 4005 
6028 4007 
4008 4007 
4009 8659 
4010 5875 
4011 5824 
5775 8793 
8875 8911 
4066 5628 
5585 4067 
4069 5542 
4070 5503 
9124 4071 
3872 3871 
3873 7312 
7286 3874 
3875 7259 
7228 3876 
7558 3928 
3929 7163 
3930 7626 
7132 7662 
7100 7703 
7067 3934 
3935 7795 
6993 3936 
7888 6952 
6907 3939 
3940 3990 
3991 3941 
3992 1398 
3993 1399 
3994 3995 
3996 3995 
3997 3996 
3998 1403 
3999 4051 
8325 4000 
4053 4001 
4054 8396 
4055 8439 
4056 6132 
4058 6082 
6029 4059 
8658 4060 
5929 8704 
8750 5877 
8792 5825 
8874 5725 
5678 4117 
5630 8979 
5586 9045 
9073 5544 
5464 4122 
3921 7334 
3922 7452 
7468 7313 
7287 3925 
3926 7259 
7530 3927 
3928 7196 
7590 3929 
3931 7625 
7133 7662 
7101 3983 
7068 7747 
3985 7032 
6994 7841 
6953 3988 
3989 6908 
3990 6860 
3991 4043 
4044 3992 
4045 3993 
4046 3995 
4047 4048 
4049 4048 
4050 1361 
4051 1362 
4052 8325 
8362 4053 
6283 8396 
8483 8439 
6133 6132 
6082 8571 
6030 8614 
5980 4112 
5930 4113 
4114 5825 
4115 8834 
5726 8910 
8945 5678 
9012 5630 
5587 4120 
9099 4121 
3970 7355 
3971 7336 
7451 3972 
7314 3974 
7288 3975 
3976 7261 
3977 7529 
4030 3978 
7624 4031 
4032 7165 
7134 4033 
7102 4035 
7069 4036 
4037 7034 
6995 4038 
6954 4039 
7969 6909 
6861 4093 
6813 4094 
4095 4096 
4097 4096 
4098 4097 
4099 1486 
4100 4101 
4101 4102 
4102 4103 
4104 4103 
4105 8361 
4106 8438 
8482 4107 
6183 8528 
6084 4161 
6031 4162 
8702 4163 
5931 4164 
5879 4165 
5827 4167 
4168 8944 
4169 8978 
9011 4170 
5588 9071 
5545 4222 
7430 4021 
4022 7439 
4023 7337 
4024 4025 
7484 4026 
7289 4027 
4028 7262 
7231 4029 
7198 4030 
7166 4032 
7660 4033 
7135 7701 
7103 7793 
7070 4088 
1519 8008 
7035 4089 
6996 4090 
4091 6955 
6910 4092 
6862 4094 
4095 6814 
6762 4096 
4097 1524 
4098 4150 
4151 4099 
4152 4101 
4153 4102 
4154 4155 
4156 4155 
4157 4156 
4158 8437 
4159 6183 
8570 4160 
8613 6085 
6032 8656 
5982 8748 
5932 4215 
4216 5827 
4217 8872 
5728 4218 
9043 4219 
4220 5632 
5589 9098 
7373 4021 
7438 7357 
7450 4075 
4076 7338 
4077 7316 
7290 4078 
7262 7263 
4081 7232 
4082 7623 
4083 7167 
4084 7700 
7136 4085 
7104 7792 
1557 8006 
4144 6911 
4145 8050 
4146 6814 
6763 4147 
4149 4148 
4150 4149 
4151 4201 
4152 4202 
4203 4153 
4204 4154 
4205 4206 
4207 4206 
4208 4207 
4209 8526 
4210 8569 
8612 4211 
8701 6033 
8747 5983 
5933 4266 
4267 5880 
8943 4268 
5729 4270 
4271 9042 
4272 9070 
4072 7429 
4073 7374 
7358 7449 
7339 7465 
7483 7317 
7503 4078 
7527 7291 
7555 7264 
7587 7233 
7200 4135 
4136 7168 
4137 7700 
7744 4138 
8006 1519 
6912 8049 
6864 4196 
4197 6816 
4198 6764 
4199 6712 
4200 6658 
4201 4202 
4203 4254 
4204 4255 
4205 4256 
4206 4257 
4259 4258 
4260 6237 
4261 6185 
4262 6137 
4263 6086 
8746 4264 
5984 4266 
5934 5881 
8907 5829 
5781 4319 
5730 9009 
5682 4321 
4123 1618 
4124 7389 
7375 4125 
7448 7359 
4128 1622 
4129 7482 
7318 4130 
7292 1625 
7265 1626 
7234 7621 
4186 7201 
4187 7699 
4188 1630 
7138 4189 
7925 4193 
4247 6865 
4248 8123 
6765 4249 
4250 1637 
6659 1638 
6607 4253 
1640 4254 
1641 4255 
1642 4306 
1643 4308 
1644 4309 
4310 8525 
4311 8568 
4312 1647 
4313 1648 
6035 1649 
5985 8788 
5935 4317 
1652 4318 
8975 1653 
5731 9008 
5683 4370 
4123 1581 
7390 1582 
7376 1583 
7448 7464 
7340 4179 
4180 1586 
4181 7319 
4182 1588 
7265 4183 
7621 7234 
4186 1591 
4187 1592 
4188 7743 
7036 4242 
7965 6998 
6958 4244 
8089 4247 
6817 1597 
8157 6766 
6713 1599 
6660 1600 
4303 6608 
4304 1602 
4305 1603 
4306 1604 
4308 1605 
4309 1606 
4310 1607 
4311 1608 
6138 1609 
8699 6088 
6035 8745 
8830 5986 
4366 5935 
4367 8941 
4368 1615 
4369 9008 
4173 4224 
4225 7401 
4226 7435 
7377 4227 
7361 4228 
4230 4229 
4231 7320 
4232 7525 
7294 4233 
7620 7585 
7236 7235 
7203 4288 
4289 7171 
7924 7037 
4295 7000 
4296 6959 
4297 6914 
6866 4298 
8192 4300 
4350 8225 
6661 4351 
6609 4352 
6555 4354 
4355 4354 
4356 1715 
4357 1716 
4358 8524 
6290 6239 
8609 6188 
8698 6139 
8744 6089 
4413 6037 
5987 4414 
4415 5937 
4416 5832 
9007 4417 
7421 7409 
7410 4275 
7402 4276 
7392 4277 
7462 7378 
7362 4279 
7500 4281 
4282 7524 
4283 7552 
7295 4284 
7619 7267 
4287 7236 
7697 4288 
7741 4289 
4344 7001 
6960 4345 
8121 6867 
6818 4349 
8224 1673 
6715 4350 
6662 4400 
6610 4401 
6556 4402 
6501 4403 
4405 4404 
4406 6394 
8523 4407 
4408 6291 
8652 4409 
6140 8697 
6090 8744 
8786 8828 
8868 5988 
5938 4460 
8973 5885 
4462 9039 
4274 7421 
7425 4275 
7403 4326 
7393 7445 
7379 7461 
7479 4330 
4331 7499 
4332 7523 
4333 7551 
7296 7583 
4336 7268 
7655 4337 
4338 7696 
7788 7740 
4389 7173 
7002 4393 
6961 4394 
4395 8087 
4396 6868 
6819 4397 
6768 4399 
4399 1784 
6716 8256 
6663 8289 
6611 8320 
6557 8357 
6502 4449 
4450 6448 
4451 6395 
8565 4452 
8608 6292 
4455 8651 
8743 4456 
6091 4457 
4500 6039 
5989 4501 
5939 8972 
9038 5886 
7418 7416 
7420 4323 
7424 7412 
7433 4326 
4327 7394 
7461 4328 
7478 7380 
7364 4379 
7345 4380 
7323 4382 
4383 7583 
4384 7297 
4385 7654 
4386 7239 
7206 4387 
7174 4389 
4390 7143 
6917 4442 
4444 6820 
4445 6769 
4446 8319 
6612 4489 
6558 4490 
8476 6503 
4493 6395 
4494 6344 
4495 8607 
4496 6242 
6191 8742 
6142 4499 
6092 8827 
8903 4501 
5990 4543 
4544 9037 
4371 7419 
4372 4373 
4374 7413 
4375 7405 
7460 7395 
7381 4377 
7498 4379 
7522 4426 
7550 4427 
7324 7582 
7617 7298 
7270 4431 
4432 7695 
4433 7739 
4434 7207 
4435 7175 
7144 4437 
7111 4438 
4441 4442 
6918 4443 
6821 4487 
4488 6769 
1855 4530 
1855 1821 
8390 6559 
8431 4532 
6450 4533 
8521 4534 
6345 4535 
4537 8650 
4538 6243 
4539 6192 
4540 8826 
8866 6040 
8937 4542 
8971 5940 
4372 7417 
7413 7423 
7432 7405 
4422 7444 
4423 7396 
4424 7382 
4425 7366 
7346 4427 
4428 7324 
4429 7617 
4430 7298 
7271 7694 
7240 4433 
7786 7207 
7175 4478 
4479 7882 
4480 1816 
4481 7111 
6870 4486 
4487 6822 
1822 1821 
8389 8356 
6560 4532 
8475 4533 
4534 6451 
6397 4535 
8649 8606 
8695 6244 
8741 6192 
6144 8783 
6094 4579 
8937 4580 
5991 4581 
4463 7415 
4464 7442 
4465 7397 
7476 4466 
7383 7496 
7367 4510 
4511 7348 
4512 7326 
4513 7326 
7300 7652 
4516 7272 
4520 7921 
7881 7177 
4522 4521 
7146 4523 
7113 4524 
7078 4525 
6920 6919 
6871 4529 
6665 4569 
6614 4570 
6561 4570 
6561 1920 
8474 4605 
6506 4571 
8562 4607 
8605 6347 
4610 8694 
8740 4611 
4612 6194 
4613 6145 
6095 4614 
4615 8969 
4505 7442 
4506 4507 
4508 7398 
7384 4509 
7368 4510 
7348 4511 
7615 7327 
7651 7327 
7301 7692 
4558 1938 
4560 7921 
7921 1911 
7963 1882 
4561 4562 
7079 4563 
7042 4564 
6717 4603 
4604 6666 
6615 8388 
1889 6561 
8429 8473 
6562 4605 
8519 6507 
6453 4608 
6348 8648 
8693 6296 
6246 4648 
8824 4649 
6146 8900 
6096 8935 
7399 7495 
4547 7385 
4548 7519 
4549 7369 
4550 7614 
7328 4551 
4592 4557 
4557 1968 
4559 1969 
1970 4595 
4596 1940 
1971 4596 
1972 1942 
4597 4561 
4598 7079 
4599 7043 
4600 7006 
6965 4601 
4637 6770 
6718 4639 
8387 4640 
1980 4641 
6563 4642 
8518 4643 
4644 6454 
4645 8604 
6349 4646 
6297 8739 
8781 6247 
6196 8863 
6147 1989 
4546 4582 
7386 4583 
7370 4549 
7350 4586 
4587 7328 
4588 7691 
4593 1938 
4594 1939 
4595 1940 
1942 4596 
1943 4631 
1943 8047 
1945 4598 
7080 1946 
7044 4634 
6770 4638 
4639 6719 
4640 6667 
1952 4678 
8472 4641 
6564 8518 
6508 1955 
8603 6455 
8692 6401 
8738 4685 
4686 8823 
6196 4687 
8934 6148 
7387 4617 
7371 7578 
4620 7351 
4621 7649 
4626 2022 
4627 2023 
4628 2024 
4629 4630 
4630 2026 
2027 2028 
7045 4668 
7045 2000 
8086 4633 
4669 7008 
4670 7008 
4671 6967 
6921 4673 
4676 6771 
4677 6720 
4678 2036 
8471 4678 
6617 4680 
6565 8517 
6510 8602 
6456 4720 
4721 8737 
4722 6299 
4723 8822 
8898 4724 
4618 7577 
7612 4619 
7649 7352 
4625 1994 
4627 1995 
4628 4662 
4663 1997 
4664 1998 
4665 1999 
4666 4667 
4668 7045 
8155 4669 
4670 8190 
6967 4671 
4672 6922 
6872 6922 
6772 2007 
4713 2009 
6669 8428 
4716 6617 
4717 6565 
4718 6510 
4719 8645 
8691 4720 
6351 6352 
6300 8779 
8861 4724 
8933 6198 
7353 4654 
7689 4655 
4660 4697 
4661 4698 
4699 4662 
4700 4664 
4701 4665 
4702 4703 
4705 4704 
4705 2079 
4708 2081 
2083 6968 
8223 6968 
6923 4739 
6873 4740 
6825 4741 
6773 4743 
4744 8427 
4745 6670 
4746 6618 
4747 6567 
6511 8644 
8690 6458 
6404 8736 
8778 4752 
6301 8860 
7332 4691 
4697 4730 
4698 4731 
4732 4699 
4733 4701 
4735 4702 
4736 4705 
2079 2056 
4737 2057 
2104 2057 
6969 2058 
8255 4738 
6924 8287 
6874 4741 
6826 4768 
4769 6774 
8469 6723 
6671 4771 
6619 4773 
4774 8600 
4775 8689 
4776 8735 
6405 4777 
6302 4778 
8896 6251 
4727 7333 
7307 4728 
4732 4760 
4733 4761 
4734 4762 
4764 4763 
4765 2125 
4765 2126 
2105 2127 
2106 2129 
6875 4766 
8353 6826 
6775 4769 
8468 4770 
6672 8514 
6620 4797 
4798 8600 
4799 6513 
4800 6460 
6406 8777 
4803 6355 
4755 7308 
4756 7875 
4761 4760 
4762 2102 
4787 4763 
4763 4764 
4789 4788 
4790 4789 
4791 4790 
4791 2148 
8384 2149 
4792 8385 
4793 8425 
4794 6776 
6725 8513 
8556 6673 
8599 8642 
8688 6570 
8734 6514 
8776 4824 
4825 6355 
4780 7282 
4781 4782 
4785 2161 
4786 2162 
4787 2124 
4788 2163 
4789 2164 
2165 4790 
2166 4814 
2167 2129 
8384 2149 
4815 2169 
8467 6777 
4817 2171 
6674 8555 
4820 6622 
4821 6570 
4822 8733 
4823 6461 
6408 4824 
7962 7920 
2142 4785 
2143 4786 
4810 4811 
4812 4811 
4813 2147 
4814 2148 
2149 4814 
8352 4815 
4815 8424 
4816 8466 
8512 4817 
8555 6726 
8598 8641 
4842 6623 
4843 8733 
8775 6462 
4845 6408 
4826 8043 
4829 2195 
4831 4810 
4832 2200 
4833 4834 
4834 4835 
4835 2202 
2203 4855 
4856 4836 
8423 4837 
6779 4858 
8554 4859 
6676 8597 
4862 6624 
4863 6572 
4864 6517 
4865 6463 
4849 2179 
8084 7220 
7185 4847 
4850 4830 
4852 4851 
4853 4852 
4854 2217 
4854 2183 
4855 2185 
2220 4856 
4856 6876 
6828 8465 
6780 8510 
4860 6728 
8639 6677 
8685 6625 
6573 8731 
6518 8816 
7186 4846 
8154 7151 
4851 4870 
4852 4871 
4872 4853 
4873 2234 
2235 2220 
4874 2204 
6925 4875 
4876 6877 
4877 8510 
4878 6781 
6729 4879 
8684 4881 
6626 4882 
8773 6574 
4866 4867 
4869 4870 
7152 4868 
4871 2216 
4872 2217 
4873 2218 
7010 4889 
4890 4874 
8421 6926 
6878 4892 
8509 6830 
6782 4895 
8638 4896 
4897 6679 
4898 6627 
6575 8772 
4884 8222 
7120 8254 
2234 2233 
7084 4887 
4888 7048 
4889 7011 
6970 4890 
8463 4906 
6879 4907 
8551 6831 
8594 6783 
6731 4910 
8729 6680 
4913 6628 
4901 4900 
4902 7085 
4903 7049 
4904 7012 
4905 8420 
6928 4906 
8508 6880 
6832 8593 
6784 8637 
6732 8682 
6681 4924 
7086 8316 
7050 4914 
8382 4916 
8419 4917 
4918 6928 
4919 8507 
6833 4920 
8636 6785 
4923 8681 
4924 6681 
7051 8381 
7014 7013 
6973 8461 
8506 4928 
8549 4929 
8592 6834 
6786 4931 
8727 6734 
4926 8460 
6974 4927 
8548 6930 
8591 6883 
6835 4931 
8726 6787 
7015 4933 
6975 8505 
4935 8548 
4936 6883 
4937 6836 
6787 4938 
6975 4939 
4940 6932 
4941 8633 
8679 4942 
6933 8633 
6885 8678 
7827 1 
2 5942 
7778 8 
7826 9 
5943 4 
5 7873 
6 5785 
6044 7778 
5993 8 
9 5944 
10 5889 
11 5836 
7961 12 
5733 13 
25 6098 
26 6045 
27 5995 
7871 5945 
5890 7918 
19 5838 
20 5787 
5734 21 
5684 14 
8083 23 
37 6149 
38 7776 
39 5995 
40 7870 
7917 5946 
29 5891 
30 8000 
31 5788 
5735 32 
5636 5685 
23 5590 
8153 24 
7731 51 
6150 52 
6099 7823 
6047 39 
7870 40 
5946 41 
5892 7959 
7999 5839 
43 8039 
5736 44 
5686 33 
5637 8118 
5591 34 
8186 35 
8221 36 
6252 68 
69 6199 
6151 7775 
53 6100 
6048 54 
55 7916 
5947 56 
5893 7958 
57 5840 
58 44 
8081 5737 
45 8117 
46 5638 
47 5547 
48 8220 
5465 49 
5426 50 
6253 2393 
6200 6253 
7774 70 
7822 6101 
6049 71 
5998 72 
73 2399 
74 7957 
5841 5894 
5790 58 
8080 5737 
5688 60 
5639 8151 
5593 61 
5548 62 
63 5506 
5466 64 
5427 50 
5389 8315 
7729 90 
90 6201 
91 7821 
92 6153 
7868 6102 
7914 5999 
73 2380 
7997 5949 
75 5895 
5791 76 
77 5738 
5688 8116 
8150 78 
5593 79 
8219 5549 
5507 8251 
5467 64 
8284 65 
5389 8314 
5354 66 
7687 6357 
6303 7728 
114 6254 
6202 115 
116 6154 
7867 6103 
6051 94 
6000 7956 
5950 7996 
96 8036 
5843 97 
5792 98 
5739 8115 
5689 8149 
8183 5641 
8218 80 
81 5550 
5508 82 
5468 5428 
83 8314 
84 8348 
5320 85 
8417 5287 
8459 5256 
140 6409 
6358 141 
141 6304 
7772 142 
2467 2466 
6155 7866 
6104 117 
118 6052 
119 7955 
5951 120 
5897 121 
5844 8078 
5793 122 
5740 99 
100 8182 
101 8217 
102 5595 
103 5551 
5509 5469 
5429 8313 
8347 5391 
5356 106 
5321 8416 
5288 86 
8504 5257 
88 5226 
170 203 
171 204 
6359 172 
2496 2441 
2441 2496 
6204 7865 
6156 7912 
6105 145 
146 6002 
147 7995 
148 5952 
8077 149 
5794 5845 
8148 123 
5691 124 
8216 125 
5596 125 
126 8249 
127 5510 
128 5470 
129 8346 
5392 106 
5357 8379 
5322 107 
8503 108 
109 5258 
110 8546 
111 5199 
112 5172 
6464 203 
6410 7685 
6359 205 
6306 7770 
2466 2467 
6205 174 
175 6156 
176 6106 
7954 6053 
6002 7994 
8034 5953 
5898 8077 
5846 5845 
8147 8113 
151 5742 
152 5692 
153 5643 
8248 5597 
8281 5552 
5511 128 
5431 5471 
5393 130 
8378 130 
131 5323 
132 5290 
133 5258 
5228 8588 
5199 111 
5172 8632 
5147 8725 
237 6519 
7684 6465 
239 6411 
240 6360 
6307 7817 
6258 2562 
6206 7864 
6157 6158 
7953 6107 
210 6054 
211 8033 
5954 179 
180 5900 
8112 181 
5796 182 
5743 213 
8180 5744 
183 5693 
8247 184 
8280 185 
5512 5554 
8345 5512 
5432 5472 
5394 8377 
5358 8414 
5324 159 
5291 160 
161 5259 
5229 162 
8631 5200 
136 5173 
137 5148 
138 5101 
5080 8857 
6576 7647 
6520 276 
277 7684 
7725 278 
7769 6361 
7817 6308 
241 6259 
242 6206 
243 7910 
244 6107 
7993 6055 
6004 8032 
8075 5954 
5955 5954 
8111 2535 
5796 8146 
5746 8176 
5694 8210 
248 5646 
5645 217 
5599 185 
5554 186 
8310 8344 
187 5472 
8377 188 
5395 189 
5359 8456 
5325 160 
8544 5292 
8587 162 
8631 5201 
5174 8676 
164 8724 
5124 165 
5101 166 
5081 167 
7611 6629 
6577 7646 
6521 316 
317 6467 
6413 318 
6362 7816 
6309 280 
6260 281 
282 7909 
6159 283 
7992 6108 
6056 284 
6005 8074 
5955 5956 
5903 8110 
5850 8145 
285 5798 
5747 286 
5695 287 
5646 5648 
5600 254 
8309 5555 
5514 220 
5434 5474 
222 8413 
8455 5396 
223 8500 
8543 5293 
8586 192 
5231 193 
194 5202 
5175 195 
5150 8769 
8813 5125 
5082 5103 
8932 198 
8968 5043 
169 5027 
6630 7645 
358 6578 
359 7682 
360 7723 
6414 361 
7815 319 
6310 320 
7862 6261 
6208 321 
7951 322 
323 6109 
8031 6057 
6006 8073 
5956 5957 
8110 8144 
5904 8144 
5799 8174 
5748 8209 
5696 8241 
5648 288 
5601 8274 
5556 255 
256 5515 
8375 257 
5435 8412 
5397 8454 
5361 259 
5327 8542 
5294 8585 
8629 5232 
227 5203 
8768 228 
229 5151 
5126 8855 
8931 8893 
231 5083 
199 5062 
200 9035 
201 5028 
9096 202 
399 2715 
400 6682 
401 7645 
7681 6579 
6523 402 
6468 7767 
6415 361 
6364 362 
363 7861 
364 6262 
6209 7950 
6161 365 
6110 8030 
6058 8073 
6007 2729 
8109 5957 
5905 366 
5906 8144 
367 8173 
8208 325 
326 5749 
327 5697 
5649 328 
5602 2737 
8331 8332 
293 5515 
5515 293 
294 5436 
295 5398 
296 259 
260 5327 
5295 261 
5263 8628 
5233 262 
5204 263 
5177 264 
8812 265 
8892 5127 
5104 5083 
8967 232 
9067 5045 
5029 234 
9095 9122 
5000 235 
236 4988 
442 6735 
6683 7644 
6631 2672 
6579 7681 
7722 6523 
403 6469 
404 7814 
405 6364 
6311 7861 
6262 7907 
6210 7950 
7990 6161 
8030 6111 
8072 6058 
6008 6007 
8109 5958 
8139 366 
5852 367 
5800 368 
5749 369 
369 5697 
370 5650 
8303 371 
5558 329 
333 5559 
5516 8374 
5476 8411 
8453 295 
296 5399 
8541 297 
5328 298 
8628 5296 
5233 5264 
8721 8767 
264 301 
5152 265 
266 5128 
5105 267 
5084 268 
5064 9034 
5046 269 
270 9095 
9145 271 
9169 4988 
4978 9188 
2809 6788 
7608 6736 
7643 6684 
6632 2812 
7680 6580 
445 7721 
446 7765 
447 7813 
448 6417 
7906 6366 
449 2819 
7949 450 
6211 2821 
6163 8029 
6112 8071 
2823 6061 
451 8138 
5959 409 
5908 5853 
5801 8207 
8239 411 
412 8272 
413 5651 
8302 5603 
375 2833 
376 5560 
8373 5517 
5477 377 
378 5438 
379 5400 
5364 8540 
5329 338 
8672 339 
5265 340 
8766 341 
5206 342 
5179 8853 
8929 5129 
8965 5106 
5085 9000 
9033 5065 
5047 306 
5031 307 
9144 308 
5002 309 
9187 273 
274 2855 
9236 4961 
4955 9248 
484 6788 
7608 6736 
7643 6685 
6633 486 
6581 7721 
6525 7765 
7813 6471 
6417 2767 
448 7859 
7906 6313 
450 6264 
7989 2771 
8028 6163 
8071 6112 
2775 6061 
8104 6010 
6009 8107 
451 8138 
452 5960 
453 8206 
5802 454 
5751 455 
5699 8271 
456 8302 
5604 418 
5560 419 
5518 377 
5478 378 
5438 8497 
5400 8540 
380 5364 
5330 381 
382 5297 
383 5235 
341 384 
8810 342 
343 5154 
344 5129 
8965 5107 
5086 9065 
5066 9033 
9093 5048 
5031 9120 
5016 9167 
4990 309 
310 9205 
311 9221 
4962 312 
313 4956 
314 4947 
527 6838 
528 7607 
7642 529 
6686 530 
6634 7679 
6582 7720 
7764 6526 
489 7812 
490 6418 
491 7905 
6314 493 
6265 7988 
6213 6265 
6164 6213 
8070 6113 
492 6062 
6061 2823 
494 6011 
495 5961 
8170 8205 
5855 5910 
5803 8238 
5752 8270 
5700 5701 
5653 460 
5605 461 
462 8408 
5519 463 
8496 5479 
422 5439 
5401 8539 
5366 424 
5331 8671 
425 5299 
426 5236 
8809 427 
385 5208 
5155 386 
8964 387 
5108 388 
9032 5087 
5067 389 
390 5049 
9143 391 
5017 392 
5004 350 
351 4981 
352 9235 
4963 353 
4957 354 
4951 9264 
9269 4948 
4945 9271 
568 6887 
6839 569 
6790 7641 
6739 570 
6687 2969 
6635 7719 
7763 6583 
7811 6527 
2973 6473 
534 6419 
535 2975 
536 6315 
537 7987 
8026 6214 
8069 6214 
6166 2980 
6115 2981 
6012 6063 
8169 538 
539 8204 
540 5911 
5804 541 
5753 8269 
503 5702 
504 2989 
5655 505 
5563 2991 
5520 8495 
5480 2993 
8538 5441 
5403 466 
5367 8625 
5332 2997 
5300 468 
5268 469 
470 8808 
471 5209 
5182 472 
5132 430 
9063 5109 
5088 3005 
5068 9118 
5050 433 
434 5034 
435 5019 
5005 436 
9219 9234 
395 4983 
4964 9256 
4958 3014 
9268 397 
398 4949 
7545 6887 
611 7574 
612 6839 
613 6791 
6739 614 
7677 571 
572 6636 
573 7763 
574 6528 
2920 6528 
6474 7857 
6420 2922 
7946 6369 
537 2924 
8026 6267 
8069 6215 
6166 2927 
2928 6115 
8134 2929 
8169 2930 
5963 8204 
540 8236 
541 5805 
5806 502 
5754 503 
504 5703 
505 8370 
506 5563 
507 8449 
5521 2940 
5441 8580 
5403 2942 
8624 8669 
5333 8717 
8763 5300 
5269 5268 
8850 5238 
8926 8888 
472 8962 
5157 8997 
9030 9063 
5089 5110 
9091 475 
9141 476 
9165 5034 
9184 5019 
436 5006 
437 9233 
4983 9245 
9256 4965 
439 9262 
4953 440 
4950 9270 
6934 654 
6888 7573 
6840 7605 
7640 6792 
6740 7676 
615 7717 
6637 6689 
7762 616 
617 6585 
618 6529 
619 6475 
6421 620 
6370 7945 
578 6317 
6268 579 
581 8068 
6167 6168 
6116 6117 
6064 6066 
8203 8168 
5964 580 
8235 582 
5859 544 
5807 545 
5755 545 
5704 546 
8406 547 
548 5608 
549 8494 
5522 550 
5442 8579 
5404 8623 
510 5368 
511 8716 
512 5301 
513 8807 
5239 514 
8887 8925 
5183 5184 
5158 8996 
9062 5134 
5111 5090 
9117 9090 
5070 9164 
5052 5035 
9202 5020 
479 9218 
4994 480 
4984 9244 
9255 4974 
4966 482 
9267 483 
6976 7543 
6935 696 
697 6889 
698 7604 
7639 657 
658 6793 
6741 7717 
6690 659 
6638 660 
6586 661 
6530 662 
7902 6476 
6422 7944 
6371 7985 
6318 8024 
6269 622 
623 6217 
6168 6217 
6117 6168 
6066 627 
6014 6015 
627 628 
625 583 
5913 624 
587 630 
8335 5808 
5756 589 
5705 589 
590 5657 
5609 591 
8493 5565 
5523 593 
5483 8578 
5443 8622 
5405 552 
553 5370 
5335 554 
8806 555 
5240 5271 
8886 557 
8961 5212 
5159 9061 
517 5134 
9089 5112 
5091 519 
9163 5071 
5053 521 
9201 521 
9217 5021 
5008 523 
524 4985 
4975 525 
4967 9261 
9266 483 
7016 3176 
738 7543 
739 6936 
740 7603 
7638 6842 
699 6842 
7675 700 
7716 6742 
7760 6691 
6639 7808 
6587 703 
704 6531 
705 6477 
6423 706 
665 6372 
6319 666 
8066 6270 
667 6218 
668 6169 
669 6118 
670 6067 
6016 671 
5965 5966 
5966 5914 
5860 5861 
5809 631 
632 5757 
633 5706 
634 5658 
5610 8492 
5566 592 
8535 5524 
594 5484 
595 5444 
5406 596 
5371 8761 
5336 597 
598 8805 
8885 5272 
8960 600 
5213 8994 
9028 9060 
5135 5136 
5113 9115 
5092 9139 
562 5072 
563 5054 
564 5038 
9231 5022 
5009 4996 
9253 4986 
525 4976 
9265 4968 
780 7016 
781 7542 
782 7571 
7602 783 
6891 7637 
6843 7674 
6795 7674 
6743 743 
744 6691 
745 6640 
746 7854 
7900 6532 
6532 747 
7983 7943 
6424 749 
6373 8023 
6320 708 
6271 709 
710 6219 
711 6170 
712 670 
6017 713 
672 714 
5967 714 
5915 673 
674 5862 
675 5810 
5758 676 
8446 677 
5611 5659 
8534 5567 
8577 8534 
5525 8621 
5445 8666 
8714 5407 
8760 640 
5337 641 
5304 8847 
8923 5273 
8959 5242 
644 601 
9027 645 
5161 603 
603 5114 
9138 5093 
605 5073 
9181 606 
607 5038 
9230 5023 
9242 5010 
4998 9253 
9259 4987 
7053 822 
7017 7541 
7570 6978 
824 6938 
825 783 
6892 784 
6844 7673 
6796 7714 
6744 786 
787 6692 
788 6641 
7853 789 
790 6589 
7942 6533 
6479 7982 
8022 6425 
6374 750 
751 6321 
752 8102 
753 6220 
6171 754 
6120 6121 
6069 6018 
756 714 
5968 757 
5916 758 
5863 716 
717 5811 
718 5759 
719 5708 
720 678 
679 721 
8576 680 
8620 5526 
5446 5486 
682 8759 
683 5372 
684 5338 
685 8922 
5274 8958 
5243 8993 
9026 5215 
5188 5187 
5162 9087 
647 9137 
5094 9161 
9180 649 
5074 9199 
9229 650 
5024 651 
609 652 
610 653 
7087 862 
863 7054 
864 7018 
6979 865 
7601 6938 
7636 825 
6893 826 
6845 827 
828 6796 
7758 6745 
7806 829 
6693 830 
7899 831 
6590 790 
6534 791 
6480 6479 
6426 792 
6375 8064 
794 6322 
795 6273 
796 6220 
6172 797 
6121 755 
6070 6019 
6019 756 
757 5968 
758 5917 
759 5863 
760 5812 
5760 761 
5709 761 
5661 762 
5613 763 
5569 722 
5527 8665 
5447 5487 
724 5409 
725 5409 
726 8803 
8883 5306 
686 5274 
5244 8992 
9058 5215 
5188 688 
9113 5163 
690 9137 
691 5116 
9198 692 
5075 5056 
9214 9229 
5025 9240 
9251 652 
4999 653 
935 900 
7088 900 
7055 901 
7019 902 
6980 865 
7600 7635 
867 6940 
6894 7672 
6846 7713 
869 6797 
6746 870 
871 6694 
872 6643 
7898 873 
6591 832 
6535 7981 
834 6481 
835 6427 
6376 836 
6323 837 
6274 8133 
8167 6221 
8201 6222 
3355 838 
6071 799 
6020 800 
800 5969 
5918 801 
802 5864 
803 5813 
5761 804 
5710 805 
5662 763 
5614 806 
5570 764 
5528 765 
766 5448 
767 5410 
8802 768 
8882 769 
5307 5340 
8957 770 
5245 9057 
5217 5216 
9085 9112 
5164 731 
732 9159 
733 5117 
734 9197 
9213 735 
694 736 
5026 9250 
7121 7494 
935 7121 
7089 936 
937 7539 
938 7020 
7599 903 
904 7634 
905 6941 
6895 7671 
6847 906 
907 6798 
6747 908 
909 7851 
7897 6644 
6644 873 
7980 7940 
6536 875 
6482 8020 
6428 876 
6377 877 
8132 878 
8167 8132 
840 6021 
841 5971 
5919 842 
5866 5865 
5814 843 
5762 844 
5711 845 
5663 846 
5615 847 
5572 5571 
5529 808 
5489 5449 
810 5411 
811 5411 
812 8920 
8956 813 
5277 5276 
5246 9024 
9084 5218 
773 5191 
5165 9135 
775 5141 
5118 776 
777 9212 
9227 5077 
5059 9239 
7494 7153 
7514 7122 
7089 7090 
7538 7056 
7566 7057 
7021 7599 
6982 7634 
6941 940 
941 6896 
942 6896 
7756 943 
7804 944 
7850 6748 
6696 945 
910 946 
911 7939 
912 6537 
913 6482 
914 8062 
915 8098 
6324 6378 
6275 8131 
3456 3504 
3455 3505 
880 5971 
881 5971 
5866 5920 
5814 882 
883 844 
5712 845 
846 5664 
5616 847 
5572 848 
5529 848 
849 5489 
5450 850 
5412 851 
8919 5376 
5342 8955 
8990 5309 
814 9023 
815 9084 
816 9111 
817 9134 
5141 818 
9177 9196 
5098 819 
9226 5078 
9238 5059 
7154 7493 
7513 1004 
972 7123 
7091 973 
7057 974 
7022 7598 
7633 975 
976 6942 
977 7670 
6897 978 
6849 7755 
6800 7803 
6749 7849 
7896 945 
6697 6645 
947 7938 
6594 948 
6538 8018 
8061 6483 
950 6429 
915 6378 
3454 6325 
6224 3505 
3506 3504 
3505 3456 
6075 3558 
5921 917 
5867 918 
5816 5815 
5764 884 
5713 885 
5665 886 
5617 887 
5573 887 
888 5531 
889 5491 
890 5413 
8880 891 
892 8954 
8989 5343 
9055 854 
5248 855 
856 9110 
857 9157 
5167 858 
9195 9176 
5120 859 
5099 860 
5079 9237 
7187 1036 
7492 1036 
7512 1037 
7124 1038 
1039 7092 
1040 7092 
7059 7597 
7632 7023 
6985 1009 
6944 1010 
1011 6898 
7754 1012 
1012 6851 
7848 1013 
1014 6750 
1015 6699 
6647 1016 
6595 8017 
6539 8060 
6485 985 
986 6485 
1020 3602 
3554 6325 
6276 3604 
6225 6276 
6225 3606 
3556 3606 
3559 8441 
8441 3608 
8486 3609 
954 5765 
955 5765 
956 5666 
957 5618 
958 923 
5532 924 
5492 925 
5453 5452 
5415 926 
5379 927 
928 5344 
5312 929 
5280 9082 
9132 931 
5221 9156 
5194 9175 
9194 5144 
5121 9224 
5100 899 
7221 1070 
7188 7491 
7491 7511 
1072 7156 
7125 1073 
1074 7093 
1075 7596 
7631 1041 
1042 7024 
6986 7668 
6945 7709 
7753 1044 
1045 7801 
1046 6852 
7894 1047 
6751 1048 
6700 7936 
6648 1016 
6596 1017 
8059 6540 
1019 6486 
6486 1020 
1020 3649 
3650 3602 
6326 3605 
3652 6225 
3653 3556 
8328 8297 
3654 3559 
3656 1021 
5766 5715 
990 5667 
5619 5668 
5576 992 
5533 5576 
5493 960 
5454 5453 
5416 5415 
5380 8987 
9053 963 
964 5313 
5281 965 
966 9155 
5222 932 
5195 9193 
5145 5169 
5122 9209 
1104 1139 
1105 7222 
7189 1106 
7157 1107 
7535 1107 
7563 7126 
7094 1109 
7061 7630 
7025 1111 
7667 1077 
1078 7708 
1079 6946 
6900 7800 
6852 1080 
7893 1081 
1082 6752 
1083 7936 
1084 1049 
1050 8016 
1051 6597 
6541 1052 
6487 1053 
6432 1053 
1054 3603 
1055 6380 
3605 3653 
3606 3652 
3608 3655 
3654 3608 
1022 3609 
5716 990 
991 5668 
992 5620 
993 5577 
5534 994 
5494 994 
995 5455 
996 5417 
9052 5381 
5346 998 
9107 5314 
9131 5251 
5223 9154 
5196 9192 
5170 968 
9223 5146 
1179 7254 
1180 7472 
1181 7224 
7510 7190 
7158 7534 
7534 7562 
7127 7562 
7095 7594 
1145 7062 
1146 7666 
1147 7707 
6988 1148 
6947 7799 
1149 1114 
7846 1115 
1116 7892 
1117 1152 
7975 1118 
6702 1119 
6650 8057 
6598 1120 
6542 1121 
6488 8130 
6433 1088 
1089 6380 
1090 6381 
3748 3747 
6226 3701 
3750 6226 
6078 6127 
3754 3753 
3755 3754 
1056 3704 
1057 1091 
5670 8709 
5622 1060 
5578 1026 
5535 1027 
5495 1028 
5456 8952 
5418 9051 
5382 1030 
1031 9079 
5315 1032 
5283 9153 
5253 1034 
5224 9191 
9207 5197 
7283 7455 
7255 7471 
1220 7224 
7509 1221 
7191 1182 
7159 1183 
7561 1184 
7128 1185 
7096 7629 
7063 1186 
1187 7665 
1188 7028 
7751 1189 
6948 1190 
7845 6902 
6854 1151 
6806 1151 
7934 7974 
1153 8014 
1154 8014 
1155 8057 
6599 1156 
6543 8129 
6489 1157 
6434 1123 
1124 1159 
6329 1125 
1126 1161 
1127 1162 
6226 3701 
3752 3750 
3751 3803 
6079 3754 
3703 3755 
3704 3754 
1091 1129 
1092 1058 
1092 3757 
5623 1061 
5579 1095 
5536 8916 
8951 5496 
1064 8985 
1065 9018 
5383 1066 
5349 5348 
9129 5316 
5284 5253 
9172 5225 
1035 5225 
1257 7310 
7284 7470 
7256 1259 
7488 1259 
7508 1260 
7193 7532 
7160 7560 
1224 1263 
1225 7129 
7097 1225 
7064 1226 
1227 7706 
1228 7750 
1229 6990 
6949 1230 
7844 6904 
6856 1231 
7933 6807 
1233 1193 
1194 1234 
1195 1235 
1196 8095 
8095 1197 
1198 6544 
8164 6490 
6435 1199 
1200 6382 
6330 1201 
1202 1161 
1162 1203 
1163 1204 
1204 3801 
3752 6080 
3855 8440 
8484 3754 
5873 1164 
1165 1128 
1166 1129 
1167 1166 
5624 8839 
5580 1131 
8950 1132 
5497 1133 
9017 5458 
5420 1099 
5384 1100 
9128 5350 
5317 1102 
9171 5255 
1103 9190 
7441 7311 
1298 7311 
1299 7285 
1300 7487 
1301 7507 
7227 7226 
1302 7194 
1303 1262 
1263 1304 
7627 7130 
7098 1265 
1265 7065 
1266 7705 
7749 1267 
6991 1268 
6950 1269 
7890 1270 
6905 1270 
1271 1232 
1233 1272 
1234 1273 
1235 1274 
1236 1235 
1237 1236 
1237 8163 
8199 1238 
1239 6436 
1240 8232 
6331 8265 
1202 6278 
1203 6228 
1204 6228 
1205 1204 
1205 1245 
3804 3856 
5976 8484 
1206 5926 
3908 1165 
1166 3909 
1207 3910 
5625 8838 
8914 8878 
1172 8949 
1173 8983 
5459 1174 
5421 1175 
5385 9104 
5351 9127 
5318 1137 
1138 9170 
7441 7334 
7312 1339 
1340 7469 
7286 1341 
7258 1342 
1343 7227 
7531 7228 
7559 7195 
7162 7591 
7626 1305 
7131 1306 
7663 7099 
7066 1307 
1308 7748 
1309 7796 
1310 6951 
7889 6951 
6906 1270 
1271 1312 
1272 1313 
1273 1314 
1274 1315 
1274 1275 
1275 1276 
1276 3845 
1277 1238 
6492 1278 
6437 8232 
6384 6385 
6332 1241 
6279 8327 
6229 1243 
1244 6178 
1245 6129 
1246 1245 
1246 3905 
5977 3856 
3858 3909 
3859 3908 
3860 1207 
1209 5722 
5674 1210 
8877 1211 
5582 1212 
5539 8982 
9048 5499 
1214 9076 
9103 5422 
9150 5386 
5352 1177 
7440 1380 
1381 7335 
7313 7468 
1382 7287 
1383 7287 
1384 7259 
1385 7530 
7558 1386 
1345 7196 
1346 7163 
7132 1347 
7662 7100 
1348 7703 
1349 7067 
1350 7795 
6993 1351 
6952 7842 
1311 1353 
6907 1312 
1313 1354 
1314 1355 
1314 1315 
1315 1316 
1316 1275 
1317 1276 
1318 1277 
1319 1278 
8231 1320 
8264 1279 
8296 1280 
1281 1322 
1282 6281 
6230 1283 
6179 1283 
6130 1284 
1285 1246 
1286 3956 
1287 5927 
5978 1288 
5773 1248 
1249 5723 
1250 5675 
1251 8948 
1252 5583 
9047 9015 
5461 5501 
9102 5423 
9126 5387 
1256 5353 
1421 7439 
1422 7356 
7451 1423 
7314 7467 
1424 7485 
7288 7505 
1426 7261 
1427 7529 
1428 7557 
7197 7589 
7164 7165 
7661 7133 
7702 7134 
1390 7101 
7068 1391 
1392 7033 
7841 6994 
7887 6953 
1394 6953 
1395 6908 
1396 6860 
1397 1355 
1356 1398 
1357 1399 
1358 1399 
1359 1400 
1359 1401 
1360 1402 
1361 1403 
1362 8263 
8295 1363 
6334 1364 
6282 8363 
6231 1324 
6180 1325 
6131 1326 
6081 1327 
6028 1327 
1328 5979 
5928 1329 
1330 5875 
1331 8751 
8793 5775 
5724 1291 
5676 1292 
5628 1293 
1294 5584 
1295 5542 
5502 9074 
5462 1297 
9125 9148 
1463 7373 
1464 7356 
1465 7337 
7466 7337 
7315 1466 
7484 1467 
1468 7289 
1469 7261 
1470 1427 
1428 7589 
7624 1429 
1430 7165 
7134 1431 
7702 1431 
7746 1432 
7069 1433 
1434 7034 
1435 6995 
6954 1436 
7929 7969 
6909 6908 
6861 6860 
1397 1439 
1398 1440 
1399 3993 
1400 3994 
1401 1400 
1401 1402 
1402 1361 
1403 1362 
1404 1362 
8325 1405 
1364 1406 
8396 1365 
6232 1366 
6181 1367 
6132 1367 
6082 1368 
1369 6029 
5979 8658 
8704 5929 
5876 8750 
5824 1331 
8835 1332 
8911 1333 
5677 1334 
8980 5629 
5585 9013 
1336 5542 
1337 5463 
1338 9124 
1544 7429 
1545 7374 
7358 1546 
7338 7465 
1509 7483 
7483 1510 
7290 1511 
1512 7527 
7263 7555 
7232 1513 
1514 7623 
1515 7199 
1516 7167 
7136 7701 
7745 7104 
7793 7104 
1476 7071 
7035 1478 
6996 1479 
1480 7928 
1481 6910 
6910 1481 
6862 1482 
1483 6813 
6762 1484 
1485 1441 
1442 1486 
1443 1487 
1444 1487 
1445 1488 
1446 1445 
1446 1447 
1447 1448 
8395 1448 
1449 8438 
1450 8482 
6182 6133 
8571 8528 
6030 6083 
8657 8614 
8703 5981 
8749 1413 
1414 5878 
1415 8834 
8910 5777 
8945 1417 
8979 5630 
9012 1418 
1419 5544 
1420 1378 
5464 9123 
1581 1618 
1582 7389 
1583 7375 
1584 7448 
7359 7464 
1585 7339 
7482 1586 
1587 7318 
7291 7292 
7264 7554 
1551 7264 
7233 7622 
7200 1553 
1554 7168 
1555 7700 
7137 7744 
7105 7792 
7072 7838 
7883 7073 
7926 6997 
7966 7926 
1520 6911 
1521 8050 
1522 6814 
1523 6763 
6763 1523 
1524 1525 
1525 1486 
1526 1487 
1527 1488 
1489 1528 
1490 1529 
1491 1490 
1491 1492 
1492 8437 
1493 8437 
1494 6183 
8570 1495 
6084 1452 
8656 8613 
8702 1454 
8748 5982 
1456 5879 
5827 8833 
8909 8873 
1458 8944 
1459 8978 
9011 1460 
1461 5588 
5545 9072 
1655 7400 
7427 7400 
7390 1619 
1620 7436 
7447 7376 
7360 1622 
7481 1622 
1623 7501 
1624 7319 
1625 7526 
1626 7265 
7586 7265 
7234 7621 
7201 1628 
1592 1629 
1593 1630 
7138 1594 
7106 7791 
7073 7836 
1631 7036 
1595 6998 
6957 1633 
6864 8049 
8091 1559 
1560 6816 
1561 6764 
1562 6712 
6658 1563 
1564 1526 
1564 1527 
1565 1528 
1566 1529 
1567 1530 
1568 1530 
1531 1569 
1532 1570 
1533 8526 
1534 8569 
8612 1535 
6032 1536 
8701 1536 
5983 1537 
8832 1538 
5828 1500 
1501 8908 
1502 5728 
1503 9010 
1504 5632 
9071 5589 
1505 9098 
7409 7422 
7401 7426 
1656 7391 
1657 7435 
1658 7377 
7463 1659 
7361 1660 
7501 1660 
1661 7319 
7525 1662 
7553 7293 
7266 7585 
7235 7620 
7235 7657 
7202 7698 
7170 1630 
7790 1630 
7139 7790 
4191 7836 
7036 1631 
1632 6998 
6958 1633 
6958 1633 
6913 4245 
6865 1596 
1597 8123 
6765 1598 
1599 8193 
6712 6713 
1600 6659 
6607 1601 
1602 1565 
1566 1603 
1567 1604 
1568 1567 
1568 1569 
1569 1570 
1570 6237 
1571 6185 
1572 6136 
6086 1573 
6033 1574 
1537 5984 
8789 5933 
1539 5881 
5829 1540 
5780 8943 
5729 1541 
1542 5681 
1543 9070 
7421 1691 
7410 1727 
7425 1728 
7434 7402 
7392 1694 
7446 1695 
1696 7462 
7362 1696 
7500 1697 
1698 7524 
1699 7321 
1700 7295 
7584 7267 
1701 7267 
7236 7656 
7697 7203 
1667 7171 
7789 7171 
7140 7141 
7074 7075 
7074 7037 
7038 1668 
7000 1669 
1670 6959 
1671 6914 
8088 1672 
8157 6766 
6766 8193 
6714 6713 
6660 1638 
6608 1639 
1640 1602 
1641 1603 
1642 1604 
1642 1643 
1643 1605 
1644 1606 
1645 8525 
1608 1646 
1609 1647 
1610 6138 
6035 6088 
1611 8746 
8788 5985 
8870 1613 
5830 1614 
1615 8942 
9041 5781 
1580 5683 
9069 5683 
7420 7416 
7411 1767 
1728 1767 
7403 7433 
7393 1769 
7461 7445 
7379 7380 
7479 7363 
1733 7499 
1734 7523 
7322 7551 
1736 7583 
1736 7296 
7268 1737 
7237 7655 
7204 1739 
7741 1704 
7172 7788 
7141 1741 
7075 7038 
7039 7038 
7001 1705 
6960 1706 
6915 6914 
6915 8121 
6867 6818 
1708 6818 
8225 1674 
6661 1675 
1676 6609 
6555 1677 
1677 6555 
1678 1679 
1679 4307 
1680 4308 
1681 6289 
8524 6289 
6239 1646 
8653 8610 
6139 1648 
8745 6089 
8787 6036 
5986 1650 
1651 5936 
1652 8941 
1653 1615 
9008 1654 
1617 5732 
1799 7419 
7417 1835 
7412 1800 
1801 7432 
1802 7404 
7444 1803 
1804 1770 
7478 7381 
7498 1772 
7345 1773 
7550 1774 
7323 1774 
1775 7297 
1776 7618 
1777 7654 
1778 7238 
1779 7740 
1740 7173 
1741 1780 
7142 1781 
7109 7143 
7040 8004 
7002 1742 
1743 6961 
1744 6916 
1745 6916 
6819 6868 
8191 1746 
6768 1747 
6662 1711 
6610 1712 
1713 6556 
1714 6501 
6501 1715 
1715 6448 
1716 6342 
8523 1717 
1718 8566 
8609 6240 
6189 1684 
6140 8744 
6090 6037 
1686 8829 
5987 1687 
1688 5937 
1689 5884 
9007 1690 
5784 5783 
7423 1836 
7414 7431 
7405 1837 
1838 7459 
1839 7396 
7477 1840 
1841 7497 
7366 1806 
7346 1842 
1843 7324 
1844 7617 
7298 1845 
1810 7270 
1811 7695 
1812 7739 
1813 7207 
7174 1814 
1814 7143 
1815 7144 
1816 7110 
7003 4440 
6962 7003 
1817 6963 
6917 1782 
6869 1818 
6820 1783 
6769 1784 
8320 1785 
6611 1786 
8357 6558 
6502 1753 
1754 6448 
1755 6395 
8565 1756 
6292 6291 
6241 8608 
6190 8697 
6141 8743 
6091 1760 
6038 8828 
8904 1723 
8939 5938 
5885 8973 
9006 5833 
1868 7415 
1869 7442 
1870 7407 
7397 7476 
7383 7496 
7383 1872 
7367 7521 
7347 7549 
7581 7325 
7616 7325 
7299 1845 
7271 7653 
7694 1847 
7738 7241 
7208 7786 
1849 7175 
1850 7882 
1851 7145 
7111 1852 
7076 1852 
6963 6964 
6964 6963 
6918 1818 
6870 1853 
6821 1854 
1820 1854 
6612 1786 
8390 1823 
6503 8431 
8476 6449 
1789 8521 
1790 8564 
1791 8607 
1792 6242 
8696 1793 
6142 8742 
6092 1760 
6039 1761 
8903 8867 
5939 1763 
5886 8972 
5834 9038 
1901 7442 
7458 1902 
7398 7397 
7496 1903 
1904 7384 
7368 1905 
7348 1874 
7580 1875 
7326 1876 
7300 7652 
7693 1877 
1878 7273 
7785 7242 
4520 1879 
7209 7208 
1879 4556 
7881 1881 
7145 7146 
7112 1882 
7077 1883 
7077 1884 
7041 7004 
6919 1885 
6871 6919 
6822 6871 
6664 1821 
6559 1823 
1824 1857 
1825 1858 
1859 1826 
6345 1860 
1861 1827 
1828 6243 
1829 6243 
1830 6192 
8784 1831 
6040 6093 
1796 1833 
1797 5990 
5940 9037 
1931 7399 
7399 7495 
7385 7519 
1933 7547 
1934 7369 
1935 7579 
1936 7327 
7651 1936 
7692 7301 
7274 7736 
7784 7243 
4591 4520 
1938 1968 
1939 1938 
1939 1940 
1911 4596 
1914 7113 
7079 7078 
7042 1915 
1916 7005 
7005 7006 
1885 6920 
4636 6965 
6717 6665 
1887 6665 
1888 6614 
6506 1892 
6452 8520 
6398 1893 
6347 1894 
6295 8694 
6245 6244 
6193 1897 
8783 8825 
8865 6094 
6041 1866 
8970 1867 
1962 7518 
7386 7518 
7546 1964 
7370 7578 
7350 1965 
1966 7328 
1967 7650 
7302 7303 
7275 7736 
4556 4624 
1937 1968 
1968 1938 
1969 1939 
1970 1940 
1971 1942 
1944 1974 
1945 7079 
1946 7043 
1947 7043 
7006 1948 
1917 6717 
1917 6718 
1918 8388 
6562 1922 
6506 8519 
6453 8562 
6399 8605 
8648 6348 
6296 1895 
1896 8740 
1897 6194 
1898 6145 
6095 1899 
8936 6042 
5992 1900 
7387 1990 
2019 1990 
7371 1991 
1992 7351 
1993 7649 
7691 7330 
7303 7735 
4657 4591 
2022 1994 
1994 2023 
1995 2023 
1996 2024 
1997 2025 
1997 1998 
1972 8046 
7080 1975 
7044 1975 
1976 7044 
7007 6965 
6966 6965 
6770 1977 
1977 1978 
1978 1950 
1979 1951 
8472 1953 
6563 1953 
8518 1954 
1955 6454 
8604 1956 
6349 1957 
8739 6297 
6246 1927 
6195 1928 
1929 6146 
8935 6096 
6043 8969 
7372 7612 
2047 7353 
2048 7648 
7331 7690 
4693 4624 
7734 7305 
2022 4660 
2049 2023 
2050 2023 
2024 2051 
2025 2051 
2026 2052 
2027 2053 
2028 2027 
2028 4666 
7046 2029 
2003 2031 
2031 2004 
6967 2032 
2033 2005 
6922 2034 
6872 2034 
6771 2007 
2007 6772 
6720 2008 
2010 2009 
6616 8471 
6564 8517 
8560 8517 
6455 6509 
8646 8603 
8692 6350 
8738 1986 
1987 8780 
6248 1988 
8899 6197 
8934 6148 
7354 7648 
2073 7689 
7733 7332 
4657 4729 
7306 7781 
4729 4696 
2049 2074 
2074 2049 
2075 2050 
2051 2076 
2052 2076 
2053 2077 
2054 2078 
2054 4704 
2055 4703 
2055 2056 
4737 4708 
8190 8223 
2057 2081 
6922 2060 
6872 2034 
6824 6873 
6824 2062 
2036 6773 
6721 8428 
6669 2037 
6617 2038 
2039 8559 
2040 6510 
2041 8645 
8691 2042 
8737 6351 
2016 6299 
2017 6249 
8898 2018 
8933 6198 
7732 2073 
7333 2098 
7307 2099 
4695 4693 
2074 4731 
2075 4730 
2100 2076 
2101 2077 
2102 2078 
2078 2102 
2079 2103 
2081 4706 
8255 2059 
2060 6923 
2061 6924 
2062 6874 
6825 2063 
2063 6774 
6722 2064 
2065 6670 
2066 6618 
2067 6566 
8601 6511 
6457 6511 
8690 8736 
6352 2070 
8821 8779 
6250 8861 
8897 6250 
2119 7308 
2120 7875 
7281 7280 
4759 7215 
4760 4731 
2100 2121 
2121 2101 
2122 2102 
2124 2123 
2103 2124 
2105 2104 
8318 2108 
6875 2108 
8386 6826 
6775 2088 
6723 2089 
6671 2090 
8557 6619 
2091 6567 
2092 6568 
2093 8689 
2094 8735 
6405 2095 
8820 8778 
8860 8896 
2140 7874 
7282 2141 
7251 2141 
8003 4758 
2122 4785 
2142 2161 
2143 2142 
2144 2123 
2145 2125 
2125 2146 
2126 2147 
2127 2128 
2130 8385 
2131 6827 
6776 8468 
6724 8468 
8514 6672 
2113 6620 
2114 6569 
2115 8688 
2116 8734 
2117 6460 
8777 6406 
8859 2118 
7962 2160 
7252 8002 
8044 7218 
8042 7183 
2179 4829 
7081 7116 
2163 2180 
2163 2164 
2164 2165 
2165 2166 
2166 2148 
2169 2151 
2152 2170 
2153 2171 
6726 8555 
6674 2154 
6622 2155 
2156 6570 
2157 8733 
6461 2158 
8818 8776 
6356 8858 
8043 2178 
7220 2196 
7184 8084 
2179 2195 
2198 2180 
2180 2199 
2181 2200 
2182 2181 
2183 2182 
2184 2183 
8423 2186 
8466 2187 
6778 6779 
8554 8512 
6675 6727 
2173 6623 
8686 2174 
2175 8732 
6516 2176 
8775 8817 
8119 7185 
2197 2213 
7150 7151 
4850 2195 
2198 4851 
2215 2199 
2216 2199 
2200 2217 
2201 2217 
2203 2202 
2205 6876 
8465 6828 
6828 2188 
8511 2189 
6728 2208 
6676 8640 
6624 2191 
2192 6572 
2193 6517 
2194 8774 
2229 8154 
7152 8188 
2231 7118 
2230 4870 
2215 2230 
2232 2216 
2233 2217 
2218 2234 
2220 6925 
6925 2221 
2222 6877 
2223 8510 
2224 6781 
6729 2225 
6677 8639 
2226 6625 
2227 2211 
8773 2228 
2245 8222 
7120 2246 
2246 8254 
7084 2248 
2249 7048 
2250 7011 
6970 2251 
2252 8421 
8463 2238 
8509 6878 
6831 2254 
6782 2240 
2241 8638 
6679 2242 
2243 6627 
8772 2244 
8253 2259 
8286 7085 
2260 7049 
2261 8351 
8383 2262 
8420 2263 
6927 2252 
6879 2253 
8551 2254 
6783 2255 
8637 2256 
8683 6731 
8729 6680 
6628 2258 
2271 7086 
8350 7051 
7013 2272 
6972 2273 
2274 6928 
8507 2275 
8550 2276 
8593 6833 
2277 6784 
6733 8728 
6681 2279 
7052 8381 
2288 7014 
2289 6974 
8506 6930 
6882 2284 
8592 2285 
2286 2292 
6786 2287 
2295 6975 
8505 6975 
2296 6931 
2297 6883 
2298 6836 
6787 2299 
8547 2300 
2301 6932 
2302 8633 
2303 8679 
6933 2304 
6886 8678 
2911 356 
9271 356 
314 9264 
355 9269 
398 9268 
441 3016 
2909 9264 
355 9263 
9268 3015 
441 4950 
2808 9248 
313 9258 
2908 9257 
2961 397 
9262 440 
483 3068 
2807 275 
312 2856 
2907 353 
396 2960 
439 3014 
482 3067 
3121 9266 
3175 526 
274 2806 
9221 2855 
9235 352 
395 9246 
438 9245 
3066 481 
3120 3066 
9260 525 
9259 9265 
9188 2759 
9206 273 
2854 311 
9220 2905 
9234 394 
3012 437 
3065 9244 
9254 3119 
525 3173 
567 3227 
9169 236 
272 2758 
2853 2805 
9186 350 
393 9204 
9219 436 
9233 3064 
3118 9232 
9243 524 
566 9253 
9252 3226 
653 3332 
2713 9146 
9145 2758 
2804 309 
9186 350 
9204 2904 
2957 436 
479 9218 
9232 3064 
523 3118 
3172 9242 
609 3225 
3278 9252 
3332 3331 
2669 9096 
9122 9095 
271 2803 
9144 2852 
349 2903 
392 2956 
3009 435 
3062 9202 
3117 522 
3171 9216 
3224 9230 
608 3277 
3330 652 
695 3384 
9036 2629 
2668 201 
234 2711 
270 9094 
2802 2851 
348 9143 
391 9166 
2955 434 
477 3061 
9183 3116 
9201 3170 
564 3223 
9215 607 
9229 651 
694 9240 
9239 736 
9003 169 
200 2667 
9067 233 
269 2755 
2801 2850 
9093 347 
2901 390 
2954 433 
9141 3007 
9164 3061 
3115 9182 
3169 9200 
3222 606 
650 9214 
9228 693 
3383 735 
778 3432 
9238 3481 
168 8968 
199 2666 
2710 232 
2754 9034 
2800 306 
2849 347 
9092 2900 
2953 9118 
476 9141 
3060 9140 
9163 520 
3168 562 
606 3222 
649 9180 
3328 693 
3382 9213 
3431 9227 
821 3480 
9237 861 
2555 8857 
167 2591 
2626 8893 
231 8931 
267 8966 
2799 9000 
2848 345 
9032 388 
431 2952 
3005 2952 
9090 3058 
3113 9116 
561 3167 
3220 9138 
648 3273 
3326 691 
3380 9179 
776 3429 
3479 819 
9211 860 
9225 899 
2590 138 
8856 166 
197 2664 
8892 2708 
2752 267 
304 2798 
345 8999 
2898 388 
431 9031 
474 3005 
3058 518 
9089 3112 
3166 9115 
604 9138 
3273 9137 
691 3326 
3380 733 
3429 776 
819 3478 
3528 859 
899 9210 
3626 9224 
137 2553 
2589 165 
2625 196 
2663 8855 
2707 8812 
303 8891 
2846 8929 
8964 2897 
430 2897 
2950 473 
9062 9030 
517 9029 
3165 559 
9088 603 
9114 9087 
3325 3272 
9136 732 
9159 3379 
3477 3428 
858 3527 
9176 898 
3577 898 
934 3625 
3672 9208 
2521 8725 
8724 2553 
8769 165 
2624 196 
8812 2706 
2750 265 
2796 2797 
8890 8928 
2896 386 
8963 429 
3003 8997 
3056 8996 
9061 3110 
3164 9028 
3218 602 
3271 9087 
3324 9113 
3378 9136 
3427 9135 
9158 817 
858 3526 
9194 897 
933 9193 
3671 968 
9207 3720 
2520 8632 
136 8677 
2587 164 
8723 2623 
228 8768 
2705 264 
8811 2749 
2796 342 
385 8852 
8889 8927 
2949 8888 
8962 3055 
8961 516 
558 8995 
9060 3164 
645 3217 
3270 3323 
3377 730 
773 9112 
3426 816 
9134 3525 
9157 896 
3576 932 
3624 9174 
9192 3670 
1002 3720 
8589 2489 
2519 111 
135 2551 
163 8631 
194 2622 
8722 227 
2704 263 
301 8767 
2795 342 
384 8852 
8851 8809 
2948 471 
3054 8887 
515 8925 
557 8960 
8994 3163 
644 3216 
9026 9058 
730 3376 
772 3376 
9084 9111 
856 3524 
9133 896 
3575 9156 
3623 9155 
3669 3670 
1001 3719 
3769 9191 
88 2462 
2488 8546 
2518 8545 
2550 8587 
2585 162 
2621 226 
8674 2659 
2747 2703 
8720 300 
383 2842 
2893 8765 
427 2946 
3000 8850 
3053 514 
8886 556 
8924 3161 
643 8959 
3268 8958 
3321 8992 
3375 9057 
3424 9024 
815 3473 
3523 855 
9109 9082 
3574 931 
9131 3668 
1000 9154 
1033 3768 
1069 3768 
1103 9171 
8459 87 
2461 8504 
109 2488 
8545 2549 
8544 8587 
8586 2620 
226 8629 
2702 262 
299 8673 
2793 340 
8719 383 
426 2893 
2946 469 
8807 2999 
513 8849 
3107 556 
599 8885 
3214 643 
8958 686 
728 3374 
771 8991 
814 9056 
9023 3522 
894 3523 
3573 930 
3621 965 
3668 999 
9130 3717 
9153 3768 
1102 3819 
1138 3870 
2435 8417 
86 2460 
8458 108 
2516 8503 
2548 160 
2584 8544 
8543 2619 
8585 2658 
261 2701 
2746 298 
2792 8672 
382 8671 
8718 425 
2945 2998 
512 3051 
3106 8806 
8848 3160 
8847 3213 
8884 3266 
685 3319 
3373 8957 
770 8956 
3472 8990 
9055 3521 
9022 893 
929 3572 
3620 964 
9080 9107 
3716 1032 
9129 3767 
9152 3818 
3869 1137 
3920 1177 
2434 8417 
2459 8416 
2486 107 
8457 132 
2547 160 
2583 191 
224 2619 
8542 260 
8584 2745 
338 2791 
381 2840 
2891 424 
2944 8670 
8717 2997 
8762 3050 
3105 554 
3159 597 
641 3212 
3265 8846 
8883 726 
769 8882 
812 8956 
3471 8955 
8989 3521 
3571 928 
9053 963 
3666 9020 
998 3715 
9079 1031 
9105 1067 
3817 9128 
3868 9127 
3920 9150 
3969 1256 
2412 67 
85 2458 
8379 106 
8415 2485 
2546 159 
2582 8456 
223 190 
2656 259 
2699 2700 
2744 8541 
2790 8583 
8582 423 
8625 2890 
2943 2996 
8669 3049 
553 8716 
8715 8761 
640 3158 
3264 3211 
8803 3317 
8845 768 
3372 768 
8881 3470 
852 3520 
8954 892 
3570 927 
3618 8987 
9052 997 
3714 1030 
3765 1066 
3816 1100 
3867 9104 
3919 1176 
9126 1216 
1256 9149 
2392 2411 
8348 8314 
84 2457 
2484 106 
130 8378 
158 2545 
2581 189 
222 2617 
8454 2655 
8499 296 
2743 336 
2838 2789 
8539 2889 
8581 466 
2995 2942 
510 3048 
552 8668 
3157 596 
8714 639 
3263 8759 
725 3316 
767 3370 
8844 8801 
3469 851 
8880 3519 
3569 926 
3569 961 
3617 3664 
996 8986 
3713 9051 
1065 9018 
3815 1099 
3866 1175 
9076 9103 
1255 3967 
9125 1297 
9148 4071 
50 2373 
8284 2391 
2431 5468 
2456 8313 
2483 8312 
129 2512 
2544 157 
188 2580 
8376 2615 
257 8412 
2697 295 
335 5477 
8497 2837 
2888 5479 
465 8538 
2994 2941 
3047 8579 
551 3102 
8622 3156 
3209 638 
3262 681 
3315 8712 
3369 766 
3418 5489 
850 3468 
3517 5491 
925 5492 
3568 960 
3616 3662 
1028 8952 
3712 8952 
1064 1098 
3814 9017 
3865 1174 
1214 3916 
3966 9075 
1296 4018 
4070 1337 
4122 1379 
2372 49 
8252 2390 
2409 64 
82 2431 
104 2456 
8312 2482 
2512 156 
2579 2544 
5433 2579 
2615 2653 
294 2653 
2741 8411 
8452 2787 
2836 421 
2887 8496 
2940 5440 
508 8537 
8579 3047 
3101 5443 
3155 594 
8621 8666 
681 723 
8712 3315 
3369 766 
3418 809 
850 5450 
3517 889 
925 3567 
960 3615 
3662 994 
3711 1028 
3762 8951 
1097 8984 
1133 1173 
9016 9048 
9015 1253 
5461 3966 
9074 4018 
9100 1337 
1379 9123 
2371 36 
2389 63 
2408 8251 
2430 81 
103 2455 
2481 127 
155 2511 
2578 8310 
8344 220 
2614 256 
293 2652 
2740 8374 
8410 2786 
420 2835 
2886 463 
2939 8495 
507 2993 
3046 550 
3100 593 
3154 8535 
3208 8577 
722 8620 
8619 3314 
3368 808 
3417 3466 
849 888 
3516 888 
924 3566 
3614 959 
3661 994 
3710 1027 
8916 3761 
3812 1096 
1132 1172 
3915 1212 
1252 8982 
9014 9047 
1336 4017 
9073 4069 
1378 1420 
4172 1462 
35 2355 
8185 2370 
2388 62 
2407 80 
2429 8250 
8249 2454 
2510 127 
2541 8281 
2577 186 
8309 2613 
255 2651 
329 8337 
2738 8336 
333 2739 
376 2834 
419 8372 
8408 462 
2938 2991 
8494 8449 
549 3099 
592 3153 
636 8534 
679 8576 
3313 721 
764 3367 
807 3416 
3465 848 
887 3515 
923 3565 
958 3565 
3613 3614 
3660 1026 
3709 1026 
3760 1095 
3811 8915 
3862 8914 
3914 1212 
3964 8948 
4016 1294 
4068 9013 
1377 9045 
1419 4171 
1461 9071 
1505 4221 
2340 24 
8152 34 
47 2369 
2387 8184 
80 2428 
101 8218 
2479 126 
8248 2509 
2541 2540 
2576 218 
2612 8279 
2650 8274 
328 2693 
8303 371 
2833 418 
2884 461 
8371 2937 
8407 505 
3044 548 
3098 8448 
3152 8492 
3205 3206 
720 678 
3312 763 
3366 763 
3415 806 
3464 847 
3514 886 
922 3564 
3612 957 
992 3659 
1025 3708 
3708 3759 
8797 3759 
3810 1130 
3861 1171 
8913 8877 
3963 1251 
4015 1293 
4067 8980 
1376 1418 
9044 4170 
1460 4220 
4272 1543 
9070 4322 
2329 14 
23 2340 
2353 33 
8117 46 
2386 8151 
79 2427 
2427 8183 
8217 125 
2508 8216 
2540 153 
217 2575 
2611 248 
253 8246 
2649 288 
2692 8273 
2736 370 
2782 8302 
456 2832 
2883 418 
461 2936 
8370 2937 
547 3043 
3097 8406 
634 3151 
8446 3205 
3258 719 
3311 762 
3365 762 
3414 806 
846 3463 
3513 886 
921 922 
3564 957 
991 3658 
1024 3658 
1060 3707 
1094 8755 
1130 8796 
8838 1170 
3912 1210 
8876 3962 
4014 1292 
4066 8946 
1417 1375 
8978 4169 
9043 1503 
9010 4271 
1580 4271 
9069 1617 
2328 14 
32 8082 
2352 45 
2368 45 
8116 2404 
78 2426 
8149 100 
124 2477 
8181 2507 
8215 183 
2573 8210 
2610 247 
2648 8241 
8240 2735 
8272 2735 
2831 2781 
2882 456 
2882 5753 
2935 460 
504 2988 
546 3042 
3096 8368 
633 3150 
3203 3204 
3257 3256 
3310 761 
3364 804 
3413 845 
3462 884 
3512 885 
3562 955 
3610 956 
990 3657 
8662 3657 
8709 5769 
8708 5770 
8754 1169 
1209 8753 
3911 1249 
8794 8836 
4013 1332 
1374 4065 
1416 8910 
4168 1458 
1502 4218 
4270 1541 
1579 9009 
1616 9041 
4370 1654 
2319 13 
2327 21 
2338 32 
44 8081 
59 2384 
77 2404 
2425 8115 
2450 99 
8148 123 
2506 151 
2537 213 
8180 2538 
8175 246 
8176 2572 
2609 286 
2647 326 
2734 2690 
8239 412 
455 2830 
2881 8271 
2934 5701 
2988 503 
3041 546 
589 3095 
3149 3150 
3203 676 
3256 718 
3309 761 
804 3363 
3412 844 
884 3462 
3511 920 
955 3562 
3610 989 
5716 989 
8618 8662 
8661 5718 
8708 5719 
8707 5720 
1208 8753 
1248 3960 
1290 3960 
8793 1332 
1374 4064 
4116 8910 
8909 1458 
4218 8943 
4269 1541 
4320 1578 
9008 4369 
9040 4418 
4418 1726 
2312 6 
12 7961 
20 2326 
2337 31 
43 2365 
58 2383 
76 2402 
2424 8079 
122 2449 
2475 150 
8147 2505 
8146 2571 
8176 2572 
2608 285 
2646 325 
2733 8208 
411 2779 
454 2829 
2880 8238 
498 2933 
8269 541 
544 2987 
3040 3094 
8335 631 
3148 3201 
675 3202 
3255 717 
3308 760 
803 3362 
3411 3460 
883 3510 
919 3510 
954 3561 
988 8531 
8531 8573 
8573 5872 
8706 8707 
8706 8752 
8751 1289 
1331 4063 
8792 1373 
8791 4115 
4166 1457 
8908 8872 
4268 1577 
4318 8942 
8941 4368 
8974 1689 
9039 4462 
9038 4504 
7873 5 
7919 6 
11 2317 
7960 2325 
2349 7959 
57 2365 
2382 75 
8037 75 
97 2423 
2448 8078 
149 2475 
2504 180 
5901 5848 
5902 5847 
8145 8111 
2607 2645 
324 2688 
2732 367 
410 2778 
8206 453 
2879 497 
2932 8237 
8236 2986 
5913 3038 
587 3039 
3147 630 
674 3147 
716 674 
3307 3254 
802 3361 
3410 3361 
3459 882 
3509 882 
918 953 
8488 953 
988 5818 
8531 8530 
8530 8572 
3806 1164 
8705 5822 
4010 8705 
4062 8750 
1372 1414 
1456 8791 
8790 1456 
8832 1539 
8871 4267 
8870 4318 
4367 1652 
8940 4416 
4461 8973 
4503 1764 
9037 9005 
7873 5 
2316 10 
7918 2324 
29 2335 
2348 7959 
2364 7958 
2382 7998 
2401 2422 
8036 2422 
2447 121 
2503 8077 
5901 5847 
2534 180 
5847 5902 
5901 5848 
2606 8111 
8144 2644 
2686 366 
2687 8144 
409 2731 
2778 452 
8171 2878 
8205 496 
540 2932 
3038 2985 
8235 3092 
630 3146 
673 3200 
715 3253 
758 3306 
3360 801 
3409 842 
881 3459 
3508 917 
952 917 
5869 8488 
5925 3705 
5975 5924 
1206 3857 
8659 5874 
4009 1329 
1371 4061 
1413 4113 
1455 4164 
1499 4165 
1538 4266 
8831 1576 
1613 4317 
8869 4366 
4415 1688 
8939 4460 
1763 8972 
4544 1834 
1 2306 
7827 1 
2310 4 
7872 2315 
2323 28 
2334 2347 
2363 55 
2381 2380 
7957 2400 
2421 7996 
2446 120 
2473 148 
179 2502 
2533 2568 
2605 2569 
8110 2605 
2685 8109 
8143 2730 
8138 2777 
2827 452 
8170 2877 
2931 539 
2984 8204 
3037 624 
629 586 
3146 672 
3199 714 
757 3252 
3359 800 
841 3359 
880 3458 
3458 881 
917 3508 
8365 952 
5925 5976 
3856 5977 
3907 5976 
3959 3907 
4060 8658 
1412 4112 
4112 1454 
1498 8748 
4214 1537 
1575 4265 
8788 4316 
4365 1650 
1687 4414 
8904 8868 
1762 4502 
8938 1797 
1867 8971 
8970 4581 
8 7778 
7825 16 
27 2332 
2346 39 
7869 54 
2379 72 
94 2398 
2420 118 
7955 146 
2471 7994 
2531 178 
2567 6055 
2604 8032 
2642 8074 
2684 8073 
2729 6059 
2825 8107 
8104 2876 
8136 8103 
2929 538 
8168 2982 
3089 6065 
3089 6014 
3144 6067 
671 3197 
3250 713 
756 3304 
799 3358 
840 3407 
879 6073 
8330 8299 
8329 6023 
6076 6077 
6080 8484 
6026 3856 
1327 4007 
1369 4059 
4110 1411 
1453 4162 
8656 4212 
1536 4264 
8700 4314 
1649 1611 
4363 6089 
8786 4412 
4458 8828 
4500 1795 
8866 1832 
4580 1866 
8936 4615 
4652 1930 
2313 7778 
2321 16 
7824 26 
2345 39 
2361 7869 
72 2378 
7914 2398 
118 2419 
2444 146 
7954 2500 
210 177 
2566 245 
2603 8032 
2641 8031 
2683 8073 
8072 6008 
6009 2825 
2875 2823 
8103 494 
8134 8101 
3035 3034 
6014 3089 
627 3088 
3143 6016 
3197 712 
3250 755 
3303 755 
3357 799 
8268 839 
6022 8299 
8299 8330 
3557 3506 
6025 6077 
3702 6076 
3702 6077 
3753 6078 
6026 8484 
4006 1327 
4058 1368 
4110 8571 
4161 1452 
1496 1535 
4263 8655 
8700 1573 
8699 1648 
1685 4363 
4412 1721 
4457 1760 
8827 1795 
4541 1831 
4579 8865 
4614 1899 
1930 8935 
1961 8935 
2320 25 
38 2344 
7823 2360 
71 2377 
2397 2396 
7867 2418 
2443 145 
2470 7912 
209 176 
2565 2530 
7992 2602 
2640 284 
2682 8030 
2727 8030 
2774 2822 
8071 2873 
2873 6165 
2928 2981 
3034 2981 
3087 3034 
3142 3088 
670 3196 
3249 3196 
3302 3249 
798 3302 
8234 838 
8267 8233 
8328 8297 
6127 6077 
3702 6176 
6177 6127 
3904 1245 
1284 3955 
4005 1326 
4057 1367 
4109 1409 
8528 4160 
1495 8570 
4262 8612 
8611 1572 
1647 4313 
4362 1684 
4411 8698 
4456 8743 
4498 1794 
4540 8784 
1864 8783 
4613 1898 
8864 8900 
1961 8863 
8934 1989 
37 2330 
2343 52 
2359 7775 
70 7822 
92 2396 
116 2417 
144 7866 
2469 2498 
7911 2529 
2564 2565 
2601 283 
7951 7991 
2681 2726 
8029 2727 
2773 2821 
2872 8070 
8070 2873 
2980 2927 
3033 2980 
3086 3087 
3141 3142 
3195 711 
3248 753 
3301 797 
797 6122 
8234 6123 
8297 8328 
6127 6177 
6128 6176 
3903 1244 
3954 1325 
4004 1325 
4056 8483 
4108 1409 
1451 4159 
6236 6235 
4261 1571 
8611 1608 
8610 1647 
4361 1683 
4410 1720 
8697 4455 
1793 8742 
1830 4539 
4577 8783 
4612 1897 
4649 8824 
1960 8863 
4688 8862 
8933 2046 
51 7731 
69 2375 
91 2394 
2416 115 
143 7820 
2468 174 
2497 207 
2528 7864 
282 2600 
2600 2638 
2680 322 
2725 7950 
7989 2772 
2821 2820 
8027 2871 
2926 2925 
2979 8068 
581 623 
3085 3140 
668 710 
3194 710 
3247 3300 
796 3354 
8166 8201 
8165 8166 
3504 3555 
3555 3556 
3750 3700 
6277 3750 
1203 3851 
3902 1243 
3953 1282 
1324 4003 
4055 1366 
8438 4106 
8480 8436 
8480 8479 
8479 6235 
4260 1570 
8525 4311 
4360 1682 
8609 4409 
4454 8608 
1792 4496 
1829 4537 
8695 1862 
8740 1896 
1927 4648 
1959 8781 
4687 8780 
4723 2017 
8897 8861 
2097 8860 
68 2357 
90 2374 
2415 90 
7772 2440 
7819 142 
173 7818 
2527 207 
242 2562 
2599 281 
321 7908 
2724 2679 
407 7949 
450 2819 
7988 2870 
2924 537 
8026 2978 
3031 579 
8067 3084 
667 3139 
709 3193 
3246 8102 
795 3299 
3353 8133 
3454 8165 
3554 3555 
6227 6226 
1202 3799 
1242 3901 
1281 3952 
1323 3952 
4002 1365 
8362 1407 
8393 8360 
8435 8436 
8435 8479 
8478 8434 
8478 8477 
8524 4359 
8566 1682 
1718 4453 
1757 4453 
8607 8650 
1828 1861 
4575 8694 
4610 1926 
8739 4647 
1986 4686 
2016 4722 
8779 2044 
2072 4753 
8896 4779 
113 2414 
141 7728 
2465 172 
205 7770 
2526 7817 
280 2561 
2598 320 
2636 2678 
2723 7861 
449 2769 
2818 449 
493 2869 
2923 536 
7986 2977 
621 3030 
8024 3083 
3138 666 
8065 3192 
3245 751 
794 3298 
8099 3352 
3405 3453 
3503 3553 
6379 3604 
6379 6328 
6327 3652 
3747 1125 
3798 1160 
3849 1201 
1241 3900 
8296 3950 
1322 8326 
8324 8294 
6388 6387 
8358 6389 
6390 6389 
6391 8434 
8433 8477 
8432 6393 
4406 1717 
4452 8522 
1790 4494 
1827 4535 
8606 1860 
4574 1894 
1925 4609 
1957 4646 
4684 8692 
4721 8737 
4751 2043 
8778 4777 
8777 4802 
2118 2139 
8858 4825 
7687 2413 
7727 2438 
2494 172 
2525 7770 
7769 240 
7816 2597 
362 2635 
2677 2722 
7860 405 
7906 2769 
7905 491 
536 2923 
2976 7946 
3029 577 
621 7985 
665 3137 
8023 3191 
3244 750 
3297 8064 
3351 836 
3404 877 
915 8098 
6326 6327 
1055 1089 
3746 1124 
1160 3797 
1201 3797 
8265 3849 
1280 3899 
8262 8324 
8323 8293 
6336 8322 
8358 6337 
6338 6339 
8392 8433 
8432 6340 
6341 8432 
4406 1716 
1755 8522 
8521 8564 
1860 8563 
4573 1894 
4608 8605 
8647 4645 
1985 4684 
8691 2015 
2042 8737 
2070 8736 
4777 2095 
4802 8777 
2139 8776 
2159 2177 
2437 7686 
2493 7685 
2524 239 
278 2559 
2596 318 
361 2634 
2721 404 
447 2767 
2816 2768 
2867 490 
7904 535 
2975 576 
3028 620 
3081 7944 
706 3136 
3190 7983 
3243 792 
3296 8021 
3350 8063 
3403 876 
914 950 
6431 8097 
8097 6430 
3649 1053 
3696 1088 
3745 1123 
3796 8200 
3847 1200 
8232 3898 
8262 8230 
8229 8261 
8261 6441 
8292 8260 
8292 8322 
8321 8291 
6445 8392 
8392 6444 
8391 6500 
8391 6446 
1754 4450 
8476 4492 
1825 4533 
1859 8520 
4572 8562 
4607 1924 
4644 1955 
8603 4682 
4719 2041 
4749 8690 
2069 8690 
8735 2094 
2116 4801 
4823 2158 
8775 2176 
2194 4865 
2492 203 
238 7684 
277 7724 
2595 317 
360 2675 
2720 403 
446 7813 
7813 2815 
2866 489 
534 2920 
7857 575 
619 3027 
663 3080 
705 3135 
748 3189 
7982 791 
834 3295 
8020 875 
3402 3450 
949 8061 
3500 8061 
986 3550 
3600 1019 
3648 1053 
3695 8130 
3744 1157 
3795 8164 
3846 8199 
3897 1278 
8229 6494 
8229 6439 
8260 6441 
8259 6442 
8291 8321 
8290 6497 
6445 6500 
6446 8391 
1714 4404 
1753 4449 
4491 1788 
8475 1858 
4571 1858 
1892 4606 
1923 4643 
1983 4643 
4682 8560 
4718 2040 
2068 4748 
2093 8644 
2115 4799 
8688 8734 
2157 8733 
4844 2176 
8774 2193 
2212 8816 
237 2522 
2557 276 
2594 316 
359 2632 
2674 402 
445 2765 
2814 7765 
2865 7764 
533 7811 
574 2973 
3026 618 
3079 662 
7901 3134 
747 3188 
790 3241 
3294 7941 
3348 7981 
3401 7980 
948 3449 
3499 8018 
3549 985 
1018 3599 
3647 1052 
3694 1087 
3743 8096 
3794 8129 
8126 6546 
8161 6545 
3946 1277 
8197 6603 
8195 6494 
8196 6603 
8227 8259 
8259 8226 
8258 6552 
6499 6500 
1677 4353 
1713 4402 
1752 4448 
8357 4448 
1823 8390 
1857 8430 
1889 1920 
4605 8473 
4642 1953 
4680 8517 
4717 8559 
4747 2067 
2067 2092 
8600 2114 
4798 8642 
4821 2156 
8687 2174 
8732 2192 
2211 4863 
2228 8773 
2244 8772 
2556 7647 
2593 7646 
2631 358 
7681 2718 
2764 7721 
2813 7721 
2864 488 
532 7763 
7810 573 
3025 617 
3078 661 
3133 703 
746 7854 
789 7899 
832 3293 
873 3347 
3400 911 
7979 947 
3498 8018 
8017 3548 
3598 1017 
3646 8058 
3693 1120 
3742 1156 
8093 6601 
8126 8093 
8126 6601 
8196 8197 
8194 8158 
8226 6606 
8226 6605 
4253 1601 
4303 1639 
1676 4352 
1712 4401 
1751 4447 
1786 4489 
8354 1888 
1888 4570 
1919 1951 
4679 2011 
4716 2038 
4746 2066 
2091 8515 
2113 8557 
8599 2135 
4820 2155 
8641 2174 
4862 2191 
8685 2210 
2227 8730 
2243 4898 
4913 2258 
7611 2592 
2630 7645 
2717 400 
2763 443 
2812 486 
2863 7679 
7719 2917 
2970 572 
3023 616 
660 3077 
7808 3132 
745 3185 
3238 788 
7852 831 
872 7898 
910 7897 
946 3496 
7938 7978 
3547 7977 
3597 1016 
1084 3645 
3692 8015 
8055 6703 
8054 6704 
6705 8054 
6706 6655 
6707 6654 
6708 8125 
8158 8194 
4200 1563 
1600 4252 
4302 1638 
4351 1675 
4400 1711 
1750 8289 
4530 1887 
1887 4568 
1950 4604 
1979 8387 
6720 4677 
2037 4715 
2065 4745 
4771 2090 
2112 8514 
8556 8513 
4819 2154 
4840 2172 
8597 4861 
2209 8639 
8684 2226 
4897 2242 
8729 2257 
4924 8728 
7610 2671 
2716 7644 
2762 2811 
486 2811 
530 2862 
2916 7678 
7718 615 
3023 3076 
3076 7761 
7760 3131 
7807 3237 
3291 788 
830 7852 
7851 872 
3446 7897 
3496 7896 
982 3546 
7937 1015 
1049 3596 
1084 3644 
3691 1119 
8012 6651 
8054 6652 
8053 6653 
6654 8053 
6655 6708 
8125 6656 
8125 8092 
4097 1441 
4199 1524 
4199 1562 
1637 4251 
4301 1674 
1710 4350 
8257 1749 
1917 4568 
1950 4603 
4639 1978 
4677 2008 
4714 8428 
4744 8427 
2089 8469 
4795 2112 
8513 2133 
8555 4818 
4840 8554 
4860 2190 
2225 8596 
8638 2241 
8683 2256 
2268 8682 
4923 8728 
2287 8727 
2715 442 
2761 2810 
7607 7642 
529 7641 
2968 570 
3021 614 
658 7676 
7716 3130 
3183 743 
3236 786 
7758 3289 
7805 3343 
3396 908 
944 3445 
7849 3494 
3545 7895 
7894 3595 
3642 1082 
7935 1117 
3738 7974 
7973 7972 
8011 7972 
8010 8011 
8052 8010 
8051 8052 
8051 6759 
8092 6760 
1484 4096 
1523 4147 
1561 4198 
1598 4249 
1636 8193 
8191 4349 
1747 4399 
4445 1784 
4637 1977 
4675 2007 
4676 2035 
2063 4742 
2088 4743 
2110 4769 
4794 8425 
8467 2152 
4838 2171 
2188 8511 
2207 8553 
4878 2224 
2240 4895 
8594 4909 
8636 2267 
2277 8681 
4932 2286 
4938 2299 
7576 2809 
528 2860 
7606 569 
7640 613 
657 3020 
699 3074 
742 3129 
785 3182 
7714 3288 
869 3342 
7757 3395 
943 3443 
7803 3493 
980 3493 
1013 7848 
3594 7847 
7893 3641 
3688 1116 
3737 7934 
7933 3788 
7971 7931 
7970 7971 
8009 6859 
8008 8009 
8008 6811 
1439 4095 
1522 1483 
1522 1560 
8123 8091 
1635 1597 
1708 4349 
1746 4397 
4444 1783 
1819 4487 
1854 4529 
4637 6770 
4711 4712 
2062 4742 
4768 2087 
4793 8353 
2206 8465 
4877 2223 
2239 8509 
2254 8551 
2266 4908 
2276 4921 
8592 2285 
2292 4937 
2298 4937 
2303 4942 
7575 527 
2913 2966 
3019 7605 
7639 7604 
3127 7638 
3181 741 
3234 7673 
3287 827 
7713 3341 
3394 906 
942 3443 
3492 7755 
7802 1012 
3543 3592 
3640 1046 
7846 1115 
7892 1151 
1192 7891 
1232 3787 
7931 6808 
7930 7970 
7970 6810 
1396 3990 
1438 4042 
1482 4094 
1521 8050 
1559 4195 
4247 1596 
1672 8088 
4348 1707 
1745 4397 
4443 1818 
4486 1853 
4528 4529 
2034 4710 
2061 4711 
2086 4741 
4767 2108 
2205 4857 
8464 2222 
2238 4893 
4907 2253 
8550 2265 
4920 2275 
4929 2291 
8591 2297 
2302 4941 
2305 8678 
4944 8678 
2912 611 
3018 611 
3071 697 
7603 3126 
3180 740 
7637 3233 
3286 826 
3340 7672 
3393 7671 
3441 3442 
3491 978 
1011 7754 
7801 3542 
3639 1080 
3686 1115 
1150 3735 
1191 7845 
1231 7890 
1270 3838 
3888 1312 
1353 3939 
3989 1395 
4041 1437 
1481 4093 
4144 1520 
1558 8049 
1671 4246 
1671 4297 
8087 4347 
4396 1744 
4442 1782 
4485 1818 
4527 4528 
1885 4528 
2006 4672 
2034 4709 
2060 4739 
2085 8287 
2221 4875 
8421 8463 
4906 2252 
2264 4918 
8507 4919 
8506 8549 
8548 4935 
2301 4940 
2304 8590 
654 7544 
3070 696 
739 3125 
782 3178 
7601 3231 
866 3338 
7635 904 
940 3440 
7670 3489 
7669 977 
3540 1010 
3590 1078 
7752 3638 
3685 1148 
3734 7798 
3785 1229 
3836 1269 
1310 7843 
3937 7888 
1394 3987 
4039 1436 
4091 1480 
7968 7928 
4194 1633 
1633 4244 
4296 1670 
4345 1706 
1743 4394 
4440 4394 
4483 4441 
4484 4483 
1948 4636 
4636 2004 
4671 2032 
8223 2059 
2083 8255 
2251 4890 
2263 4905 
4917 2273 
2282 8461 
2289 4927 
2295 4934 
7543 3069 
738 3124 
3230 781 
824 3283 
865 3337 
903 3390 
3439 7634 
3488 7633 
1009 3539 
7668 3539 
3589 1077 
7708 1112 
3684 1148 
1189 3733 
3784 7750 
3835 1268 
1309 3885 
1351 3936 
1393 7841 
1435 4038 
4090 1479 
4142 7926 
7925 4193 
7964 4243 
4295 1669 
4344 1705 
4393 1742 
4439 4440 
7005 4526 
4564 4565 
4601 1947 
4635 4634 
2004 4670 
2145 4788 
2235 4889 
2250 8351 
8382 2262 
4916 2272 
8418 4926 
2294 2288 
3176 780 
3229 7541 
3282 823 
3336 902 
3389 938 
3438 7598 
975 7598 
7632 1008 
3588 1042 
3635 7667 
7666 1111 
3683 7707 
7706 1188 
1228 3783 
1267 3834 
7796 3935 
1350 7795 
3985 1392 
7840 1434 
4089 1478 
1631 4242 
7924 1668 
4294 1668 
4343 4392 
4392 8004 
4526 1884 
1916 4563 
1946 4599 
1976 4634 
2001 2000 
4668 2029 
7048 7083 
4888 2249 
4902 2261 
2271 8350 
2280 4915 
4925 8381 
3228 822 
863 3281 
901 3335 
937 3388 
7566 3486 
1007 3486 
3537 1040 
7596 3587 
7630 3634 
3681 3682 
3730 7665 
3781 1226 
7705 1266 
3883 1307 
1349 3934 
1391 7747 
4036 1433 
1476 7793 
4088 4140 
7838 4140 
4191 7836 
4292 4293 
4342 4293 
4482 1852 
4525 4524 
1884 4562 
4598 4562 
1975 4632 
7116 4809 
7083 7119 
8254 4886 
2248 4887 
8286 8316 
2270 4914 
3280 862 
900 3334 
3387 936 
7538 972 
3485 1006 
3535 7564 
1074 3585 
3633 1109 
3680 1144 
3729 7629 
3780 1225 
3831 1265 
7663 1306 
1348 3932 
1390 3983 
1432 4035 
1475 7745 
1518 7792 
4139 7792 
4190 7837 
7837 4240 
4241 7836 
4391 7110 
4438 1816 
1816 4481 
4523 4481 
1883 4524 
8046 4631 
4735 2078 
7117 7149 
7118 7116 
4868 7117 
4868 8222 
2246 4885 
935 3386 
7514 3434 
3484 7513 
3534 1038 
3584 1073 
1108 3632 
7562 3679 
3728 1184 
7593 1224 
7627 3830 
1305 3880 
1347 3931 
1389 3981 
1431 7661 
7701 1474 
1517 4085 
4138 7744 
4189 1594 
7790 4240 
4291 7789 
4341 4291 
4390 1781 
1781 4436 
1815 4480 
4522 4480 
7923 1882 
8045 7114 
7149 7183 
7148 7150 
4848 2214 
8188 4848 
2231 4867 
970 3433 
3482 1003 
1037 7492 
1072 3583 
3630 1107 
7534 1142 
3726 1183 
1223 3777 
1262 3828 
3879 1304 
3930 1346 
7625 3980 
4032 1430 
1472 7660 
7659 4084 
4136 1554 
7699 4187 
4238 7742 
4289 4290 
4340 7741 
7788 4388 
4435 1780 
1849 4478 
7835 7881 
7881 1880 
7880 7922 
7180 7213 
7179 7214 
8003 7215 
7183 7218 
7184 7182 
4828 8084 
8119 4846 
2213 4847 
3531 1036 
1071 3581 
3629 7491 
1141 7510 
1182 3725 
1222 3776 
7532 1261 
1303 7559 
3878 1344 
1386 3929 
3979 7589 
1471 4031 
7623 4082 
1553 4135 
4186 7658 
4237 7657 
4288 1666 
4338 7697 
7740 4387 
1779 7787 
1848 4434 
4477 7786 
4519 7834 
7834 7880 
7879 7833 
7879 7878 
7214 7179 
7213 7215 
7214 7181 
7217 7250 
7218 7216 
4806 8044 
8044 4806 
4827 2196 
3580 1070 
3628 1105 
1140 3675 
7489 1181 
1221 7508 
1260 7508 
3826 1302 
1343 3927 
7230 7530 
7229 7529 
1470 7556 
4081 1513 
4134 1552 
7621 4185 
4236 4235 
4287 1665 
4337 7655 
7696 4386 
1778 7695 
1847 4433 
7738 4476 
7785 4517 
7784 4555 
7833 7243 
7832 7878 
7878 7831 
7877 7248 
7247 7249 
7250 7248 
4782 2141 
4782 2141 
4805 8002 
8002 2178 
7456 7472 
3722 7471 
3773 1220 
1259 1300 
3875 7487 
7506 1342 
3976 1384 
4028 1426 
7528 1469 
7555 4080 
4132 1551 
1626 1589 
4234 7585 
1701 4285 
4336 1737 
4385 1737 
1810 7654 
1846 7653 
1878 4515 
1878 4516 
7736 4554 
4590 7783 
7782 7783 
7782 7831 
7830 7831 
7830 7876 
7875 4757 
4757 2140 
2140 4781 
3721 7455 
3772 7470 
3823 1299 
1341 3874 
1383 3925 
1425 3975 
1468 7504 
1511 4078 
7527 1550 
1588 7526 
7553 4233 
1663 4233 
1700 7584 
1736 7583 
1776 4383 
4430 1845 
4473 1845 
7652 1877 
7692 1909 
4589 4553 
4623 7735 
7734 4658 
7781 4658 
4694 7781 
4728 2099 
4755 4756 
7874 7828 
3771 1257 
1298 3822 
3872 1340 
3923 7468 
3973 1424 
4025 1467 
7483 4077 
1548 7503 
7502 1587 
4181 1624 
7525 1662 
4283 7524 
4333 7551 
4382 1774 
1808 4428 
7581 4471 
4513 7615 
4551 1907 
1936 1966 
7650 4621 
7690 7649 
4656 7689 
2073 4692 
7732 4727 
3871 7441 
7440 3922 
3972 7451 
7450 4024 
4075 1547 
1547 4128 
1622 4179 
7481 4179 
7500 4230 
4281 1733 
7523 4331 
7522 4380 
1842 4427 
4470 7549 
4511 1906 
7579 4550 
1965 4586 
7613 1992 
2021 4620 
7648 2047 
4690 7648 
1421 3921 
7439 1464 
1507 4022 
4074 1546 
4127 1584 
4178 7464 
1659 4229 
4280 7480 
7479 4330 
1772 4379 
4379 1806 
7521 1841 
1873 4469 
4510 1905 
7547 4549 
4585 1964 
1991 4619 
7612 4653 
1506 4021 
4073 1545 
1583 7437 
1620 4177 
1658 4227 
7462 1695 
1731 4329 
1771 4329 
4378 1804 
7497 4424 
1872 7496 
1904 4509 
4547 7519 
4583 1963 
1990 4617 
1544 7428 
4124 7428 
4175 1619 
7435 1657 
1694 4277 
1730 4327 
4376 1769 
1803 7460 
4423 1839 
4466 7476 
7475 4507 
1931 4546 
4174 4173 
7426 4224 
4276 1693 
4326 1729 
4375 7433 
4421 1802 
7443 4464 
7458 7442 
4506 1902 
7422 4223 
4274 1692 
4324 1767 
7424 1767 
1836 1801 
7431 4420 
4463 1868 
7420 4323 
4372 1799 
1765 7416 
1799 4371 
4323 7416 
4273 1691 
7409 4223 
4419 1836 
7412 1767 
4275 1728 
7401 4224 
4174 7390 
7389 4124 
4072 1544 
1463 4021 
7414 4463 
1837 4374 
1768 4326 
4276 1729 
7391 1657 
4176 1620 
7375 1545 
1507 4073 
7356 1464 
3921 1380 
3871 7334 
4505 1869 
7406 7459 
4376 1803 
1730 4328 
4278 1695 
7377 1658 
1584 1621 
1546 7358 
7337 1508 
1423 3972 
1381 3923 
3822 7469 
3772 7284 
3721 7283 
7254 3673 
1104 7473 
7407 7442 
4422 7443 
1803 7395 
4328 1770 
7378 1695 
4228 7447 
1621 7360 
4075 1547 
4024 7337 
3973 1423 
7313 3923 
3823 7453 
1258 7284 
1219 3722 
7254 7456 
1104 3627 
1070 7221 
7398 1931 
1871 4466 
4424 1840 
4378 1771 
1732 7363 
7362 1697 
7341 4179 
4129 1586 
7316 4077 
1467 4026 
7288 1425 
1383 3925 
1300 3825 
3774 1259 
7224 1181 
1140 7190 
7189 3582 
3532 7155 
3482 7154 
3434 3433 
4546 1931 
4508 7383 
7382 1840 
4379 1805 
1733 4330 
4281 1697 
4230 4180 
7318 1586 
1549 7317 
7289 1468 
3975 7288 
7259 1384 
1301 3825 
1260 3775 
3724 1221 
7190 1141 
3582 1106 
3533 1037 
1004 3483 
3434 7122 
7516 7567 
7515 7569 
3228 7053 
4583 7386 
7385 4547 
4510 4509 
4469 7366 
7345 4380 
4332 1734 
7321 4282 
4232 1662 
7292 1588 
1550 7291 
7262 1512 
3977 1427 
1385 3927 
3877 1302 
7193 1261 
3726 1222 
7158 3678 
3631 7126 
7125 1073 
7091 1005 
7090 973 
3388 937 
3335 864 
3229 823 
781 3177 
3124 738 
654 6934 
2964 3017 
4584 7386 
7369 4548 
1874 4510 
4427 7346 
1807 4381 
7322 4333 
1699 4283 
7293 4233 
1588 4132 
7263 1551 
1470 4029 
3978 1427 
3928 1344 
1303 3878 
1262 3777 
3727 1223 
1143 7127 
3632 7126 
1039 7092 
1006 7091 
7057 3437 
7569 7515 
3389 902 
7567 7516 
3230 6979 
3178 782 
3125 6935 
655 3018 
611 2965 
6838 527 
6788 2859 
2019 7372 
1991 7371 
4550 7349 
4512 1875 
4471 7325 
1808 7324 
7296 1736 
7295 4285 
7266 4234 
4184 1590 
1552 7233 
1514 4082 
7197 3979 
1387 3929 
3879 7162 
1263 3829 
7129 1224 
3680 1185 
7094 3633 
1075 7060 
1007 3537 
7022 3487 
3390 939 
3338 6980 
6938 825 
783 3179 
6890 740 
656 3072 
6840 612 
6790 2914 
2860 6737 
2761 2810 
442 2716 
6682 6630 
2592 6629 
7372 4653 
7351 1992 
1935 4550 
1907 7326 
4472 7325 
1809 4429 
1776 7297 
1701 7268 
1664 4235 
7234 1627 
4134 7233 
4082 7199 
4031 1429 
7164 3930 
3880 1346 
3830 7130 
1225 7097 
7096 3729 
1110 7061 
3587 1041 
7023 1008 
3488 975 
6982 3439 
6940 3338 
3285 825 
6892 783 
3127 741 
3073 6841 
6791 3020 
2914 570 
2861 529 
2762 2811 
443 6683 
6630 2630 
315 6577 
276 6576 
7353 4655 
4621 2021 
7329 4588 
4552 7301 
7300 1877 
7271 4474 
7270 1777 
1738 4337 
4287 7236 
7202 4237 
1592 7201 
7167 1554 
1473 4084 
7134 3981 
3932 1389 
7099 1306 
3781 1265 
1187 7063 
3682 1146 
3636 1077 
6985 3589 
6943 1009 
6942 3490 
905 6895 
868 6894 
3234 6845 
742 3182 
3129 700 
6741 658 
2969 571 
6686 530 
486 6633 
2764 444 
6579 2718 
2632 359 
2594 277 
2523 6465 
6410 2493 
140 6409 
6357 2413 
89 2393 
2048 4691 
7330 4622 
1967 4588 
4553 7301 
4515 1877 
1846 7271 
1811 7239 
7238 1739 
4288 1703 
4237 7202 
7169 4187 
4137 1555 
7135 4085 
3982 4034 
1348 3933 
1307 3883 
7065 1266 
7028 1227 
1147 3683 
6987 3637 
1043 3590 
1010 6943 
3491 3490 
906 3393 
6846 3341 
6796 3288 
3182 6795 
6742 3130 
659 3075 
6688 615 
6635 2917 
487 2863 
2813 2765 
2719 402 
2633 360 
2595 317 
2559 239 
204 2494 
6358 2438 
2414 6304 
2393 90 
6252 68 
2342 51 
7333 4727 
4692 7332 
4658 7304 
4623 7303 
7274 4554 
4516 7273 
7241 4476 
1812 4433 
7205 1740 
1704 4339 
7170 7171 
7138 4189 
4138 7137 
4086 7103 
4035 1432 
7068 1391 
3884 1308 
3834 1267 
3783 1228 
3733 1148 
6946 1113 
3591 1079 
1011 6898 
3492 6849 
3443 907 
6798 3342 
3289 6745 
787 6744 
3131 6691 
660 6638 
3024 616 
2918 6583 
2865 6526 
6525 2814 
446 2720 
2675 6414 
318 6413 
6361 279 
6306 6360 
173 6305 
2440 6255 
91 6202 
2376 70 
6151 52 
38 2331 
6045 2321 
8 6044 
3 2306 
4727 4728 
7305 4694 
7276 7304 
7275 4590 
4555 7243 
7242 4517 
1848 4477 
4434 1813 
7173 1740 
4290 4340 
7139 4239 
1594 7138 
4139 1518 
4087 7070 
7069 4036 
1350 7032 
3885 1309 
3835 6991 
6948 3784 
1149 3685 
3639 6900 
3592 1045 
6850 1012 
6800 3493 
3396 908 
6746 3343 
3290 829 
6692 3237 
6639 3132 
3077 3078 
617 6584 
2919 6527 
489 2866 
2767 2815 
404 2721 
2635 361 
6362 2597 
2561 241 
206 6257 
6256 143 
6203 115 
6153 2395 
70 2377 
53 6100 
6046 2332 
5994 16 
2309 2314 
2306 1 
7309 7308 
4756 7308 
7279 7278 
7246 7877 
7245 7878 
7211 7879 
7210 7209 
7176 4478 
4191 7073 
7107 7106 
7072 4140 
7035 4088 
7034 1434 
6994 3986 
3937 6993 
1269 6951 
1230 3786 
1191 6903 
6853 3687 
1081 6803 
3544 6802 
6749 3494 
945 3445 
6695 3397 
6642 3345 
3239 789 
746 6588 
662 704 
3026 618 
6474 575 
6419 534 
2817 6418 
448 6365 
6311 2723 
2637 320 
281 2599 
6206 2528 
175 2498 
6155 144 
6103 2418 
2397 6049 
2361 5997 
2346 40 
2323 28 
5944 10 
5 5888 
7309 4780 
7280 4756 
7279 7830 
7247 7831 
7246 7832 
7211 7212 
7210 7178 
4521 1880 
1850 4479 
4141 7073 
7838 7072 
7035 7839 
1478 4089 
3987 4038 
1352 6952 
3887 1311 
6904 1231 
6855 1191 
1151 6854 
6804 3641 
3594 6751 
981 6750 
3495 6697 
3398 6696 
3346 6643 
3292 789 
3187 747 
6531 3134 
3080 6475 
3027 576 
535 6419 
491 2868 
2818 2769 
406 2724 
6261 2679 
2600 282 
2564 243 
6157 2498 
2469 145 
117 2443 
6050 2398 
5998 2379 
2362 55 
2334 28 
5890 18 
5836 2311 
2160 7962 
1911 4560 
7178 7963 
7146 7963 
7037 1668 
1595 6998 
4142 7966 
7967 6956 
4091 6956 
4040 7969 
6858 7970 
7971 6808 
7972 6808 
6807 3788 
3738 1152 
6753 7975 
3643 1048 
6699 1015 
6646 7978 
911 3448 
3400 874 
6534 833 
3241 791 
3189 7983 
664 6422 
620 3029 
2976 6369 
7987 493 
6264 7988 
2771 7989 
365 2680 
2639 6160 
244 7992 
2530 6107 
6053 2500 
6001 2445 
95 7996 
5949 74 
5893 56 
42 5839 
5838 5787 
12 5786 
2160 7920 
7923 1913 
1668 4294 
1632 6998 
7926 4143 
7927 6956 
6956 7928 
1437 7929 
6858 7930 
6808 7931 
7932 6755 
6755 7972 
3738 7934 
3690 1118 
1049 6700 
1016 7937 
983 7938 
6593 947 
3400 874 
833 3348 
6479 791 
3189 6424 
6423 7944 
621 6371 
6316 7946 
7947 2924 
6265 7948 
6211 2771 
2726 365 
323 6160 
6108 2602 
2566 210 
177 6002 
7955 6001 
2421 5950 
2400 5949 
7958 5893 
2349 42 
5787 2336 
12 7961 
7253 4805 
7181 7215 
1742 4392 
4344 1705 
1557 8007 
4144 1520 
6811 6812 
6810 6811 
6757 6758 
6756 6757 
6703 6704 
6703 6651 
3740 1154 
6650 3691 
1050 3645 
6595 3548 
6538 3499 
3450 6537 
6481 875 
6426 834 
3243 6425 
6373 3191 
6318 3138 
622 6268 
2978 6267 
6213 2925 
2821 2872 
2773 6162 
2682 2727 
2641 6057 
6005 6056 
2532 211 
2502 5952 
120 5897 
5896 2422 
5842 75 
58 5790 
2350 31 
21 5734 
14 13 
4807 4826 
4826 2178 
4806 7218 
7147 7114 
7114 4631 
1945 4598 
4296 1706 
6912 1558 
1521 4145 
6759 6760 
6758 6759 
6705 6706 
6704 6652 
6651 6652 
8013 8055 
1120 3741 
6597 3646 
3599 6540 
985 6539 
3500 949 
3451 6428 
3350 6427 
3297 793 
6320 3244 
3139 708 
6269 3085 
3032 6215 
2926 2979 
2873 6165 
2822 6112 
6059 2728 
2683 6007 
2604 6006 
2568 5955 
179 2533 
2474 5898 
5844 2448 
5792 2424 
2384 2403 
2367 5736 
32 5685 
2329 22 
2196 7185 
8120 8086 
2002 4633 
1744 6915 
6866 4298 
1634 8122 
6761 8092 
4196 6816 
6761 6709 
6601 8126 
8127 6600 
3793 1197 
6543 1121 
6431 6430 
6378 915 
6323 8132 
6273 795 
6063 8134 
3246 752 
494 6062 
6010 8137 
408 5959 
6061 8141 
2825 6009 
6009 6008 
2685 5957 
2644 5904 
5903 2570 
2535 181 
150 2505 
123 8148 
2425 5739 
5688 2404 
5638 46 
2353 34 
7185 4846 
8085 8189 
1707 4347 
8089 1635 
1597 4248 
8092 8090 
6709 6708 
6601 8093 
8094 8093 
1197 3793 
3743 6543 
3695 6488 
6275 3454 
3405 878 
837 3353 
6063 2982 
752 3246 
6011 8103 
8104 2876 
5959 451 
2731 366 
5905 324 
8106 5902 
8108 5958 
5958 2730 
5904 2644 
5849 8111 
5796 181 
2505 5795 
123 5741 
5690 99 
78 2405 
2386 5639 
5591 34 
24 2341 
2214 8188 
8190 2031 
8192 4299 
1636 6766 
8194 6604 
8196 6710 
8197 6603 
6546 6545 
8198 6547 
1238 3846 
3795 6490 
6223 6275 
6222 8201 
3354 8202 
6013 8203 
2983 2930 
5961 2878 
5909 2827 
410 5853 
367 2688 
285 2646 
5745 246 
5746 2572 
8212 213 
8213 214 
215 8214 
2538 5744 
5692 2507 
5642 2451 
2427 5641 
5593 2406 
5547 2370 
2355 35 
7152 2229 
7151 4867 
2058 8155 
8155 4707 
4398 1746 
1673 8156 
6766 1636 
6604 8158 
6549 6604 
6603 8159 
6548 6603 
8162 6547 
3846 1238 
1199 6490 
8166 6222 
8167 3354 
580 8168 
539 2984 
5910 496 
2828 453 
410 5853 
2689 368 
286 2647 
247 5694 
5746 213 
250 8177 
8178 214 
216 8179 
183 5693 
152 5643 
5642 2452 
2428 5595 
2407 5548 
48 2371 
2356 36 
2245 4885 
6968 2059 
1709 1710 
4350 1674 
6606 6605 
6551 6605 
4151 1526 
6494 6439 
6438 8262 
3948 1278 
6437 1240 
6124 6174 
6123 838 
3038 582 
2985 540 
497 5856 
454 5802 
2780 5750 
369 5697 
287 2648 
287 8241 
251 8276 
289 8276 
290 252 
5647 217 
184 2540 
2509 5597 
5551 2480 
5550 5508 
5507 2409 
5466 49 
4900 7120 
2246 7120 
2084 4738 
1749 6716 
6716 1749 
6553 6552 
6552 6496 
6495 6441 
6440 6439 
6438 6386 
1320 3999 
1279 3949 
6384 3849 
8267 8233 
6124 6073 
839 6072 
5805 2986 
2881 498 
455 5752 
5698 2781 
5649 370 
288 5601 
8242 330 
289 8243 
290 8278 
290 253 
218 5600 
2541 185 
2510 5552 
103 5510 
82 5468 
2410 5427 
50 2391 
7085 4901 
2085 6924 
8319 6663 
1750 6663 
6498 6553 
6497 6443 
6442 8322 
8323 6387 
8324 6386 
4000 1363 
6333 3950 
8328 3607 
8329 6074 
6074 8330 
8301 8333 
8333 8300 
2783 2832 
371 2737 
372 371 
373 8338 
8339 331 
332 8341 
8342 292 
2613 5555 
2578 186 
156 8345 
5470 2482 
5429 2456 
5390 2432 
2392 8349 
7085 2270 
4887 2260 
4766 8287 
8288 1785 
4446 8289 
6443 8291 
8292 6442 
6387 8293 
8294 6335 
1363 4052 
1322 6334 
3901 1242 
3607 8297 
8298 6024 
6023 8299 
2694 8332 
2694 8331 
8301 8300 
8332 8336 
588 5808 
2738 5558 
329 5557 
330 8305 
331 8306 
417 2784 
332 8307 
292 8308 
255 5556 
2578 5513 
156 2543 
2483 2512 
2457 105 
5390 8314 
8315 66 
4915 7050 
7011 4903 
2130 4792 
2109 6827 
6613 4569 
1856 8356 
1856 1823 
4448 6558 
6389 6337 
8393 6284 
8394 8393 
4105 1448 
1406 6283 
4002 6231 
8397 3752 
5974 8399 
8403 8367 
8403 8366 
3096 5705 
3042 547 
2990 505 
5606 2937 
419 5561 
2786 376 
2740 5516 
2653 5475 
221 5434 
2545 2580 
2514 130 
5356 2485 
85 2434 
7051 7052 
2272 7012 
4904 2262 
2150 2129 
2130 4792 
4768 6826 
1979 1951 
4604 1919 
1856 4531 
4490 1823 
6446 6500 
6391 6445 
6284 8359 
8360 6284 
4105 6283 
4054 1365 
8364 8440 
8441 3559 
8365 5974 
917 5973 
8402 8443 
8401 8490 
8366 8367 
8367 8368 
590 3097 
3043 547 
5607 505 
462 2885 
5561 2835 
5517 377 
294 2697 
257 5435 
2616 222 
158 5394 
5357 131 
107 2459 
2435 5320 
7014 4926 
2273 4917 
4905 2263 
2237 6926 
4875 2221 
2187 4836 
2169 4816 
6776 2131 
6775 4769 
4744 2064 
6721 2037 
1921 4605 
6560 1857 
1824 4491 
6392 6341 
6340 8477 
6287 6339 
6286 6285 
6234 8480 
4157 1493 
4106 1449 
1366 1408 
3804 8485 
3559 8486 
987 8488 
8486 8401 
8445 8491 
8491 8444 
5659 3204 
591 5658 
548 3044 
506 5564 
463 5520 
420 5478 
5477 378 
2742 295 
258 5397 
2617 5360 
2582 5359 
5323 132 
5289 108 
5256 87 
2288 4926 
4917 6972 
2263 4906 
4892 2252 
6877 2222 
4857 2206 
4837 2170 
6777 2152 
2111 4794 
2089 6723 
6670 2065 
2010 4679 
1981 4641 
6562 4605 
1891 6505 
6504 1858 
6449 1788 
6340 8433 
6287 6288 
6286 6235 
6234 6235 
8436 8480 
1450 4107 
1408 6181 
6026 3856 
8440 8529 
3560 8441 
5870 5871 
5869 5923 
8443 8401 
8402 8532 
8445 8444 
3152 635 
3099 5565 
3045 5564 
5520 2939 
2887 5479 
5438 2837 
336 2742 
5398 2699 
223 5361 
5325 2583 
5291 160 
2487 5290 
2461 87 
4934 2295 
4928 6930 
4919 2275 
2265 6879 
2239 6830 
2223 4877 
4859 6779 
2171 4839 
6725 2133 
6672 2112 
2066 6619 
2039 4717 
6564 4680 
4643 1954 
1923 4606 
6451 4572 
1826 6396 
4452 6395 
1717 4407 
6289 4359 
4310 1607 
4209 1533 
4160 1495 
6134 1451 
8572 8530 
5872 8573 
5819 988 
8575 8533 
8532 8491 
5568 3207 
593 3154 
550 5482 
5481 508 
465 2941 
5401 2889 
2790 380 
2744 297 
5327 260 
5293 2619 
2584 161 
5228 5259 
2489 110 
4939 2300 
6931 2296 
2284 6930 
6880 4920 
4908 2254 
6781 2240 
6780 4878 
2189 4839 
6726 2172 
6673 2134 
4772 2113 
4747 2066 
4717 6565 
4681 6509 
1955 4644 
1893 4607 
6397 1860 
4494 1790 
1756 4452 
6290 4408 
4359 6239 
1608 4311 
4210 6185 
1495 4160 
4109 6083 
5872 8530 
5820 5819 
8532 8533 
8532 8533 
721 679 
3207 5524 
3101 5483 
5482 3047 
2994 5441 
5402 466 
5365 5401 
5364 2790 
5328 2745 
5294 2658 
192 2620 
5229 2585 
134 2518 
5198 2489 
6932 4941 
6883 2297 
2285 6834 
4921 6833 
6783 2255 
2241 8638 
6729 4879 
6676 2190 
2173 2155 
2135 6621 
6568 2114 
4748 2068 
6510 4719 
6455 8646 
4645 1956 
1894 6347 
6346 1861 
6293 4495 
1757 4454 
4409 6240 
6187 4361 
6137 1609 
1535 4211 
4162 1496 
4111 6030 
1370 4060 
8617 8661 
8661 5769 
5768 8662 
5527 5570 
3261 5526 
5485 5445 
5444 3156 
552 8668 
2996 510 
5366 467 
5330 5331 
339 2792 
2746 299 
2659 5232 
193 2621 
5201 2586 
2520 8677 
4941 2302 
6883 8591 
6834 2285 
2277 6784 
4910 8594 
2241 6730 
2209 6677 
2191 4861 
8598 6623 
2135 8599 
6568 8600 
2068 6512 
2041 4719 
4683 8603 
6400 4645 
4609 6347 
1861 6294 
6293 1828 
4454 6241 
1719 4409 
4361 1647 
1609 8611 
6086 1535 
4162 6032 
4111 8614 
1370 4060 
1329 4009 
1129 3756 
8617 5769 
5768 8618 
8710 8575 
8663 8575 
5486 723 
3209 5445 
595 3156 
552 5405 
2996 5368 
467 5332 
2891 5331 
2792 5297 
299 5264 
5232 2659 
2622 194 
163 5201 
5173 2520 
4944 2305 
2303 4942 
6786 2293 
6785 2286 
4923 2268 
4911 6731 
6678 2226 
2210 6625 
4842 6624 
4821 6570 
6514 2136 
4775 2093 
2069 4750 
4720 6402 
1985 4684 
1926 4647 
6295 4575 
1862 6244 
4497 1793 
6190 4455 
1684 6140 
1648 6088 
6034 6087 
4213 1536 
1454 4163 
4112 5930 
4061 5929 
5875 1289 
5822 5821 
5771 1208 
5770 5719 
5718 3707 
8663 8664 
5488 809 
5487 3315 
682 3263 
5407 639 
5370 3104 
3050 511 
5333 2997 
5299 425 
5266 383 
5234 2793 
263 2748 
5203 2660 
5175 2623 
5148 2588 
2521 5147 
2293 6787 
2287 6734 
6733 4923 
2257 4912 
6626 2243 
6625 2211 
6572 2192 
2157 6515 
2137 6514 
6459 2094 
2070 6404 
4721 6351 
4685 1986 
6297 4647 
1896 6245 
1863 6244 
6191 1793 
4456 6141 
1685 4411 
4363 6035 
1574 6034 
1537 5983 
4164 5982 
4113 5930 
4062 5876 
5823 4011 
1248 5773 
5772 1208 
5720 1169 
1060 5671 
8798 8799 
5488 5449 
5448 3316 
3263 5408 
3211 640 
5370 3158 
5334 554 
2998 5301 
5267 426 
2893 383 
341 2794 
5205 2748 
2661 5176 
2624 195 
5124 2553 
5123 8725 
6575 2244 
4883 2228 
6517 4865 
6462 2176 
2138 4824 
4802 6406 
6353 2071 
6300 4752 
8822 6299 
1959 6247 
4612 6194 
4578 6144 
4540 1831 
6092 1760 
1722 6037 
8829 4364 
4316 5985 
4266 5933 
5879 4215 
5826 8833 
1373 5825 
5775 4012 
5723 8836 
3911 8837 
1170 1130 
5623 8839 
8840 8799 
8840 8841 
8841 8842 
5411 3419 
3371 768 
5373 3318 
5337 3265 
598 8847 
3106 555 
513 5269 
470 2947 
5208 2894 
2844 342 
302 5178 
2706 5151 
5126 2625 
166 2590 
2228 8773 
6518 2212 
4845 8775 
4824 8776 
6406 4802 
4778 8778 
4752 8779 
2017 4723 
8781 1987 
1928 6195 
4578 8783 
1831 4540 
6092 1795 
1722 4458 
8787 4413 
8788 1650 
5934 1576 
5880 4215 
4166 8791 
4115 1415 
4064 1332 
1291 5723 
8795 1249 
1170 5673 
3810 8797 
8799 8798 
8800 8799 
8800 8841 
8801 3420 
8802 768 
5374 8803 
5338 3265 
5304 8805 
555 8806 
5270 513 
3000 5238 
5208 8809 
385 8810 
2796 302 
265 5152 
2663 5126 
5102 166 
5080 2555 
6356 4825 
4803 8895 
4779 8896 
6250 8897 
8898 4724 
1960 8899 
6146 1929 
4579 6094 
6040 1832 
8903 4501 
1723 5988 
5936 8905 
8906 4317 
8907 5881 
5828 8908 
8909 4167 
1374 8910 
1333 4065 
5675 8912 
5626 3913 
1171 3862 
8915 1096 
3519 5413 
5376 3470 
769 5340 
3319 8921 
8922 5305 
5272 599 
556 5240 
3054 8925 
471 8926 
5181 8927 
5154 8928 
303 8929 
8930 2707 
8931 2664 
167 8932 
8859 4803 
4779 6302 
6250 8861 
4724 2018 
4688 8863 
6146 1929 
8865 4579 
1832 8866 
1796 4501 
5988 4459 
8869 1688 
8870 1651 
8871 1577 
5828 8872 
4167 5778 
4116 1416 
4065 1333 
1292 8876 
5626 8877 
3862 8878 
8879 5580 
5536 3761 
8953 8842 
8880 3519 
3470 5376 
8882 769 
8883 727 
8884 3266 
3214 599 
8886 5241 
8887 3054 
3001 8888 
8889 5181 
386 8890 
2797 8891 
8892 266 
231 8893 
8894 2627 
4725 2046 
4689 6148 
6096 4651 
6042 4615 
1866 1833 
5990 1797 
5938 4460 
5884 4415 
4367 1652 
5830 4319 
4269 1540 
4168 1458 
4117 1417 
5677 4066 
1293 5628 
1251 3963 
3863 1172 
3812 5538 
3762 1063 
1028 3712 
8917 8842 
5378 3520 
5342 3471 
3422 5308 
5307 3374 
5274 686 
3215 5242 
3162 5212 
515 3109 
5183 3002 
5156 429 
2897 387 
2798 2847 
267 5084 
2709 2665 
2628 5062 
1900 4652 
4581 5992 
1834 4543 
5939 1763 
1725 5885 
5832 1689 
1615 4319 
1578 5780 
1502 5728 
4169 5679 
4118 1376 
4067 1335 
5584 3964 
3915 5540 
1173 3864 
5497 3813 
3763 1064 
5417 996 
3618 5380 
5379 928 
5343 3521 
3472 5309 
5276 771 
5244 3321 
3268 5243 
5213 601 
558 5185 
3056 5158 
3003 473 
430 2898 
5107 345 
305 2799 
268 2709 
2666 199 
169 5043 
1834 4544 
5887 1798 
4462 5834 
4417 1690 
4369 5782 
1579 5730 
5681 1503 
4170 1460 
4119 1418 
5585 4068 
5541 4017 
3965 9047 
5499 5459 
3814 5458 
3764 5419 
1030 9051 
3665 9052 
5345 3571 
893 5311 
854 5278 
5246 3424 
729 9057 
5215 3269 
3217 9059 
3164 5160 
517 5134 
3004 5133 
431 5109 
5087 2899 
2800 5065 
2754 5064 
233 2667 
5027 2629 
5887 4544 
1764 5834 
5833 4417 
4369 5783 
4320 9009 
1542 9010 
5680 1503 
5631 1418 
5586 1377 
4068 1294 
3965 5541 
3916 5499 
1134 9017 
5419 9018 
5418 3713 
5381 3665 
963 5345 
5311 893 
854 3522 
5277 814 
3375 5245 
3322 5215 
5187 645 
3164 5186 
5159 9029 
3057 5133 
2951 5109 
5087 2899 
346 2848 
5064 5065 
5045 233 
200 9036 
5683 4322 
1543 4272 
4221 1461 
9099 4172 
1378 5543 
5502 4018 
1254 5461 
5422 3917 
1135 5421 
1100 1066 
1031 5348 
5314 998 
3620 5281 
5249 3573 
5248 3523 
5218 3425 
3377 5190 
689 3324 
646 5162 
5136 9115 
3112 5112 
5090 3058 
2953 3006 
5067 2900 
2850 5048 
5030 270 
2712 5014 
2669 5013 
9070 4272 
1505 4222 
1420 5544 
5503 4121 
1296 5462 
3967 1254 
3918 5422 
5385 3867 
5349 1100 
1031 5315 
3667 5314 
5281 965 
5249 895 
856 3524 
816 3475 
5190 3377 
3324 5163 
5137 9087 
3166 5113 
5091 5112 
3059 9090 
2953 5068 
390 2901 
9093 5031 
5030 270 
235 5014 
4122 1379 
1338 4071 
5424 4020 
5387 3968 
1176 5351 
3817 5350 
3767 5316 
5283 3717 
5251 3668 
931 5221 
5220 896 
5192 3476 
774 3427 
5139 732 
3272 5115 
3220 604 
3167 5092 
5070 3114 
476 5051 
5050 2954 
2902 5032 
308 2803 
5001 2757 
5000 236 
5464 4122 
5425 4020 
5388 1256 
3919 5352 
1137 3868 
5317 3818 
3717 1033 
1000 5252 
966 5222 
3575 896 
857 3525 
817 3476 
5140 3379 
5116 3326 
3273 5094 
5093 3167 
5071 3114 
3060 5052 
434 3008 
5033 391 
2852 349 
2804 5002 
4988 236 
1138 3870 
3819 5255 
3769 1034 
1001 5224 
5195 3624 
5168 3576 
5143 858 
3478 818 
3429 5118 
692 5096 
649 3274 
3222 5073 
5053 521 
5036 3062 
3009 5019 
5004 9204 
4991 350 
2805 273 
4978 2759 
3870 1138 
1069 1103 
1034 3719 
5196 3670 
3624 933 
3577 5168 
3527 859 
3478 5118 
5096 3381 
692 3327 
649 606 
5054 563 
3116 5037 
3062 5020 
435 5019 
393 5004 
310 2854 
4979 273 
3720 5171 
5146 3672 
934 3626 
5121 899 
5099 820 
777 3430 
3382 735 
3329 5056 
5039 607 
3171 5022 
3117 9232 
479 5006 
2958 4993 
4981 2905 
2855 311 
4961 274 
969 3672 
5122 5121 
860 5100 
820 3480 
3431 5077 
5057 693 
5040 3276 
3224 5023 
3171 5022 
5007 3118 
4994 3011 
4982 394 
2906 4971 
2807 2856 
5079 861 
3481 5060 
5042 736 
5041 3330 
652 3277 
3225 5009 
4996 524 
3065 4984 
438 3012 
395 4972 
4963 2907 
4955 2808 
779 3432 
737 3384 
3331 5025 
609 3278 
566 4997 
4985 3119 
481 3066 
3013 4965 
4957 396 
313 4956 
3227 4987 
4976 3174 
4967 3121 
4959 3014 
397 2962 
4951 2909 
3175 4968 
4967 3122 
3068 440 
4953 2962 
355 4948 
3016 4950 
4946 356 
